low_res,high_res,daq_nr,misalignment,recording_nr,direction,speed
0.005375,0.071823,1,0.0,4,H,750
0.0058991,0.078153,1,0.0,4,H,750
0.0066179,0.084704,1,0.0,4,H,750
0.0073404,0.091232,1,0.0,4,H,750
0.007857,0.097989,1,0.0,4,H,750
0.0085196,0.10504,1,0.0,4,H,750
0.0093657,0.11204,1,0.0,4,H,750
0.010036,0.11923,1,0.0,4,H,750
0.010878,0.12655,1,0.0,4,H,750
0.011743,0.13393,1,0.0,4,H,750
0.012503,0.14117,1,0.0,4,H,750
0.013162,0.14844,1,0.0,4,H,750
0.013757,0.15547,1,0.0,4,H,750
0.014655,0.16205,1,0.0,4,H,750
0.015277,0.16874,1,0.0,4,H,750
0.015895,0.17504,1,0.0,4,H,750
0.016621,0.181,1,0.0,4,H,750
0.017096,0.18675,1,0.0,4,H,750
0.017594,0.1923,1,0.0,4,H,750
0.018047,0.19772,1,0.0,4,H,750
0.018755,0.2026,1,0.0,4,H,750
0.019477,0.20751,1,0.0,4,H,750
0.019964,0.2121,1,0.0,4,H,750
0.020514,0.21619,1,0.0,4,H,750
0.020915,0.22024,1,0.0,4,H,750
0.021166,0.22372,1,0.0,4,H,750
0.021656,0.22699,1,0.0,4,H,750
0.022161,0.23012,1,0.0,4,H,750
0.022326,0.23297,1,0.0,4,H,750
0.022622,0.23572,1,0.0,4,H,750
0.022992,0.23824,1,0.0,4,H,750
0.023314,0.2407,1,0.0,4,H,750
0.023648,0.24295,1,0.0,4,H,750
0.023797,0.2452,1,0.0,4,H,750
0.024037,0.24731,1,0.0,4,H,750
0.024213,0.24918,1,0.0,4,H,750
0.024441,0.25088,1,0.0,4,H,750
0.024718,0.25235,1,0.0,4,H,750
0.024902,0.25375,1,0.0,4,H,750
0.025224,0.25476,1,0.0,4,H,750
0.02522,0.25594,1,0.0,4,H,750
0.02534,0.25715,1,0.0,4,H,750
0.025639,0.25797,1,0.0,4,H,750
0.02568,0.2589,1,0.0,4,H,750
0.025853,0.2598,1,0.0,4,H,750
0.025976,0.26077,1,0.0,4,H,750
0.026152,0.26164,1,0.0,4,H,750
0.026384,0.26235,1,0.0,4,H,750
0.026627,0.26317,1,0.0,4,H,750
0.026717,0.26408,1,0.0,4,H,750
0.026684,0.26486,1,0.0,4,H,750
0.026991,0.26541,1,0.0,4,H,750
0.027013,0.26601,1,0.0,4,H,750
0.027017,0.26669,1,0.0,4,H,750
0.02732,0.26729,1,0.0,4,H,750
0.0275,0.26774,1,0.0,4,H,750
0.027638,0.26806,1,0.0,4,H,750
0.027548,0.26835,1,0.0,4,H,750
0.027515,0.26847,1,0.0,4,H,750
0.027683,0.26823,1,0.0,4,H,750
0.027661,0.26793,1,0.0,4,H,750
0.027616,0.26743,1,0.0,4,H,750
0.027661,0.26662,1,0.0,4,H,750
0.027679,0.26584,1,0.0,4,H,750
0.027593,0.2646,1,0.0,4,H,750
0.027384,0.26305,1,0.0,4,H,750
0.027178,0.26161,1,0.0,4,H,750
0.026972,0.25974,1,0.0,4,H,750
0.026878,0.25761,1,0.0,4,H,750
0.026654,0.25526,1,0.0,4,H,750
0.026268,0.25254,1,0.0,4,H,750
0.026107,0.24972,1,0.0,4,H,750
0.025864,0.2467,1,0.0,4,H,750
0.025448,0.24326,1,0.0,4,H,750
0.024943,0.23964,1,0.0,4,H,750
0.024516,0.23597,1,0.0,4,H,750
0.024022,0.23185,1,0.0,4,H,750
0.02349,0.22746,1,0.0,4,H,750
0.023138,0.22301,1,0.0,4,H,750
0.022431,0.21822,1,0.0,4,H,750
0.021944,0.21334,1,0.0,4,H,750
0.021499,0.20835,1,0.0,4,H,750
0.020896,0.20287,1,0.0,4,H,750
0.020417,0.19729,1,0.0,4,H,750
0.019578,0.19158,1,0.0,4,H,750
0.019024,0.18557,1,0.0,4,H,750
0.018448,0.17959,1,0.0,4,H,750
0.017733,0.17337,1,0.0,4,H,750
0.017216,0.16697,1,0.0,4,H,750
0.016512,0.16051,1,0.0,4,H,750
0.015696,0.15395,1,0.0,4,H,750
0.01485,0.14738,1,0.0,4,H,750
0.014367,0.1408,1,0.0,4,H,750
0.013746,0.13412,1,0.0,4,H,750
0.012757,0.1273,1,0.0,4,H,750
0.012084,0.12044,1,0.0,4,H,750
0.011589,0.11372,1,0.0,4,H,750
0.010938,0.10714,1,0.0,4,H,750
0.010193,0.10046,1,0.0,4,H,750
0.009594,0.093919,1,0.0,4,H,750
0.0088004,0.087522,1,0.0,4,H,750
0.0081677,0.081262,1,0.0,4,H,750
0.0077672,0.075029,1,0.0,4,H,750
0.0068762,0.068804,1,0.0,4,H,750
0.0061312,0.062922,1,0.0,4,H,750
0.0056445,0.056946,1,0.0,4,H,750
0.0051242,0.051031,1,0.0,4,H,750
0.0045439,0.045463,1,0.0,4,H,750
0.0040198,0.039869,1,0.0,4,H,750
0.0035257,0.034181,1,0.0,4,H,750
0.0028593,0.028542,1,0.0,4,H,750
0.002455,0.023243,1,0.0,4,H,750
0.0018597,0.017885,1,0.0,4,H,750
0.0012495,0.012496,1,0.0,4,H,750
0.00084149,0.0071821,1,0.0,4,H,750
0.00016764,0.0016739,1,0.0,4,H,750
-0.00025913,-0.0035466,1,0.0,4,H,750
-0.00073457,-0.008838,1,0.0,4,H,750
-0.0014122,-0.01447,1,0.0,4,H,750
-0.0018314,-0.02,1,0.0,4,H,750
-0.002262,-0.025359,1,0.0,4,H,750
-0.002816,-0.030994,1,0.0,4,H,750
-0.0034412,-0.036955,1,0.0,4,H,750
-0.0041749,-0.042567,1,0.0,4,H,750
-0.0047028,-0.048289,1,0.0,4,H,750
-0.0051483,-0.054301,1,0.0,4,H,750
-0.0057959,-0.060366,1,0.0,4,H,750
-0.0063387,-0.066461,1,0.0,4,H,750
-0.0069714,-0.072522,1,0.0,4,H,750
-0.0076752,-0.079013,1,0.0,4,H,750
-0.0082967,-0.085542,1,0.0,4,H,750
-0.009094,-0.092235,1,0.0,4,H,750
-0.0098128,-0.099118,1,0.0,4,H,750
-0.010483,-0.10589,1,0.0,4,H,750
-0.011104,-0.11319,1,0.0,4,H,750
-0.011797,-0.12049,1,0.0,4,H,750
-0.012579,-0.12774,1,0.0,4,H,750
-0.013347,-0.13507,1,0.0,4,H,750
-0.014197,-0.14222,1,0.0,4,H,750
-0.014777,-0.14941,1,0.0,4,H,750
-0.015664,-0.15635,1,0.0,4,H,750
-0.016409,-0.1633,1,0.0,4,H,750
-0.016986,-0.16998,1,0.0,4,H,750
-0.017869,-0.1762,1,0.0,4,H,750
-0.018333,-0.18245,1,0.0,4,H,750
-0.019022,-0.18825,1,0.0,4,H,750
-0.01955,-0.19372,1,0.0,4,H,750
-0.020078,-0.1991,1,0.0,4,H,750
-0.020789,-0.20423,1,0.0,4,H,750
-0.021231,-0.20923,1,0.0,4,H,750
-0.022013,-0.21372,1,0.0,4,H,750
-0.022346,-0.21794,1,0.0,4,H,750
-0.022736,-0.22192,1,0.0,4,H,750
-0.023234,-0.22538,1,0.0,4,H,750
-0.023323,-0.22875,1,0.0,4,H,750
-0.023949,-0.23177,1,0.0,4,H,750
-0.024301,-0.23451,1,0.0,4,H,750
-0.024387,-0.23729,1,0.0,4,H,750
-0.024742,-0.24006,1,0.0,4,H,750
-0.025083,-0.24233,1,0.0,4,H,750
-0.025435,-0.24455,1,0.0,4,H,750
-0.025648,-0.24703,1,0.0,4,H,750
-0.025839,-0.24896,1,0.0,4,H,750
-0.026112,-0.2509,1,0.0,4,H,750
-0.026285,-0.25269,1,0.0,4,H,750
-0.026509,-0.25409,1,0.0,4,H,750
-0.026813,-0.2556,1,0.0,4,H,750
-0.026801,-0.25686,1,0.0,4,H,750
-0.026988,-0.25793,1,0.0,4,H,750
-0.027292,-0.25896,1,0.0,4,H,750
-0.027337,-0.26003,1,0.0,4,H,750
-0.027595,-0.26094,1,0.0,4,H,750
-0.027703,-0.26159,1,0.0,4,H,750
-0.027662,-0.26252,1,0.0,4,H,750
-0.027954,-0.26353,1,0.0,4,H,750
-0.028201,-0.26424,1,0.0,4,H,750
-0.028302,-0.26511,1,0.0,4,H,750
-0.028467,-0.26584,1,0.0,4,H,750
-0.028602,-0.26646,1,0.0,4,H,750
-0.028853,-0.26726,1,0.0,4,H,750
-0.028913,-0.26779,1,0.0,4,H,750
-0.02895,-0.2685,1,0.0,4,H,750
-0.029223,-0.26909,1,0.0,4,H,750
-0.029193,-0.2694,1,0.0,4,H,750
-0.029272,-0.26969,1,0.0,4,H,750
-0.029418,-0.26976,1,0.0,4,H,750
-0.029411,-0.26986,1,0.0,4,H,750
-0.029549,-0.26971,1,0.0,4,H,750
-0.029441,-0.26938,1,0.0,4,H,750
-0.029411,-0.26895,1,0.0,4,H,750
-0.02953,-0.26809,1,0.0,4,H,750
-0.029369,-0.267,1,0.0,4,H,750
-0.029205,-0.26593,1,0.0,4,H,750
-0.029141,-0.26464,1,0.0,4,H,750
-0.028973,-0.26278,1,0.0,4,H,750
-0.028718,-0.26085,1,0.0,4,H,750
-0.028684,-0.25893,1,0.0,4,H,750
-0.028467,-0.25651,1,0.0,4,H,750
-0.028108,-0.25372,1,0.0,4,H,750
-0.027906,-0.2508,1,0.0,4,H,750
-0.027483,-0.2478,1,0.0,4,H,750
-0.02709,-0.24459,1,0.0,4,H,750
-0.026708,-0.2409,1,0.0,4,H,750
-0.026225,-0.23689,1,0.0,4,H,750
-0.025854,-0.23291,1,0.0,4,H,750
-0.025457,-0.22864,1,0.0,4,H,750
-0.024937,-0.22399,1,0.0,4,H,750
-0.024372,-0.21929,1,0.0,4,H,750
-0.023833,-0.21436,1,0.0,4,H,750
-0.02332,-0.20914,1,0.0,4,H,750
-0.022702,-0.20363,1,0.0,4,H,750
-0.022017,-0.19807,1,0.0,4,H,750
-0.021373,-0.1924,1,0.0,4,H,750
-0.020624,-0.18626,1,0.0,4,H,750
-0.020171,-0.17994,1,0.0,4,H,750
-0.019572,-0.17358,1,0.0,4,H,750
-0.018663,-0.16719,1,0.0,4,H,750
-0.018112,-0.16086,1,0.0,4,H,750
-0.017472,-0.15432,1,0.0,4,H,750
-0.016843,-0.14759,1,0.0,4,H,750
-0.016162,-0.1408,1,0.0,4,H,750
-0.015353,-0.13417,1,0.0,4,H,750
-0.014668,-0.12754,1,0.0,4,H,750
-0.01389,-0.12068,1,0.0,4,H,750
-0.013227,-0.11392,1,0.0,4,H,750
-0.012587,-0.10719,1,0.0,4,H,750
-0.011932,-0.10065,1,0.0,4,H,750
-0.011314,-0.094163,1,0.0,4,H,750
-0.010606,-0.087642,1,0.0,4,H,750
-0.009869,-0.081401,1,0.0,4,H,750
-0.0091876,-0.075198,1,0.0,4,H,750
-0.008525,-0.069282,1,0.0,4,H,750
-0.0078923,-0.063251,1,0.0,4,H,750
-0.0074394,-0.057063,1,0.0,4,H,750
-0.0068703,-0.051428,1,0.0,4,H,750
-0.0061441,-0.045744,1,0.0,4,H,750
-0.0056087,-0.040049,1,0.0,4,H,750
-0.005167,-0.034492,1,0.0,4,H,750
-0.0045718,-0.028984,1,0.0,4,H,750
-0.0039503,-0.023666,1,0.0,4,H,750
-0.0035048,-0.018195,1,0.0,4,H,750
-0.003093,-0.012795,1,0.0,4,H,750
-0.0024679,-0.0073844,1,0.0,4,H,750
-0.0019363,-0.0020855,1,0.0,4,H,750
-0.0014646,0.003135,1,0.0,4,H,750
-0.00084688,0.0086544,1,0.0,4,H,750
-0.00034524,0.013879,1,0.0,4,H,750
0.00014892,0.019192,1,0.0,4,H,750
0.00062436,0.024895,1,0.0,4,H,750
0.0011447,0.030444,1,0.0,4,H,750
0.0017662,0.035949,1,0.0,4,H,750
0.0022491,0.041756,1,0.0,4,H,750
0.0027657,0.047451,1,0.0,4,H,750
0.0033759,0.053153,1,0.0,4,H,750
0.0040647,0.059274,1,0.0,4,H,750
0.0047348,0.065433,1,0.0,4,H,750
0.0052515,0.07167,1,0.0,4,H,750
0.0058729,0.077839,1,0.0,4,H,750
0.0064644,0.084446,1,0.0,4,H,750
0.0071158,0.091333,1,0.0,4,H,750
0.0078832,0.097907,1,0.0,4,H,750
0.0085121,0.10494,1,0.0,4,H,750
0.0094106,0.11223,1,0.0,4,H,750
0.010129,0.11937,1,0.0,4,H,750
0.010784,0.12658,1,0.0,4,H,750
0.011754,0.13381,1,0.0,4,H,750
0.012323,0.1411,1,0.0,4,H,750
0.013106,0.14833,1,0.0,4,H,750
0.01397,0.15537,1,0.0,4,H,750
0.014543,0.16229,1,0.0,4,H,750
0.015337,0.16898,1,0.0,4,H,750
0.016007,0.17532,1,0.0,4,H,750
0.016572,0.18125,1,0.0,4,H,750
0.017111,0.18699,1,0.0,4,H,750
0.01771,0.19261,1,0.0,4,H,750
0.018347,0.19762,1,0.0,4,H,750
0.018844,0.20251,1,0.0,4,H,750
0.019541,0.20747,1,0.0,4,H,750
0.020203,0.2121,1,0.0,4,H,750
0.020424,0.21631,1,0.0,4,H,750
0.02081,0.22002,1,0.0,4,H,750
0.021323,0.22358,1,0.0,4,H,750
0.021585,0.22686,1,0.0,4,H,750
0.022019,0.22973,1,0.0,4,H,750
0.022341,0.23264,1,0.0,4,H,750
0.022745,0.23538,1,0.0,4,H,750
0.023064,0.23786,1,0.0,4,H,750
0.023064,0.24028,1,0.0,4,H,750
0.023516,0.24257,1,0.0,4,H,750
0.023771,0.24474,1,0.0,4,H,750
0.023906,0.2468,1,0.0,4,H,750
0.02431,0.24862,1,0.0,4,H,750
0.024497,0.25021,1,0.0,4,H,750
0.02461,0.25199,1,0.0,4,H,750
0.024707,0.25349,1,0.0,4,H,750
0.024845,0.25455,1,0.0,4,H,750
0.025152,0.25576,1,0.0,4,H,750
0.025362,0.25677,1,0.0,4,H,750
0.025478,0.25774,1,0.0,4,H,750
0.02568,0.25868,1,0.0,4,H,750
0.025789,0.2594,1,0.0,4,H,750
0.025969,0.26025,1,0.0,4,H,750
0.026066,0.26107,1,0.0,4,H,750
0.026145,0.26207,1,0.0,4,H,750
0.026478,0.26304,1,0.0,4,H,750
0.026717,0.26366,1,0.0,4,H,750
0.026897,0.26426,1,0.0,4,H,750
0.027002,0.26507,1,0.0,4,H,750
0.027058,0.26589,1,0.0,4,H,750
0.02717,0.2663,1,0.0,4,H,750
0.02717,0.26687,1,0.0,4,H,750
0.02723,0.26754,1,0.0,4,H,750
0.027485,0.26762,1,0.0,4,H,750
0.02756,0.2678,1,0.0,4,H,750
0.027526,0.26796,1,0.0,4,H,750
0.027653,0.26785,1,0.0,4,H,750
0.027668,0.26769,1,0.0,4,H,750
0.027593,0.26704,1,0.0,4,H,750
0.027503,0.26632,1,0.0,4,H,750
0.02741,0.26548,1,0.0,4,H,750
0.027515,0.26424,1,0.0,4,H,750
0.027425,0.26283,1,0.0,4,H,750
0.027114,0.2611,1,0.0,4,H,750
0.026927,0.2592,1,0.0,4,H,750
0.026837,0.25716,1,0.0,4,H,750
0.026732,0.25488,1,0.0,4,H,750
0.026302,0.2523,1,0.0,4,H,750
0.026002,0.24955,1,0.0,4,H,750
0.025804,0.24663,1,0.0,4,H,750
0.025272,0.2432,1,0.0,4,H,750
0.024909,0.23971,1,0.0,4,H,750
0.024524,0.23612,1,0.0,4,H,750
0.024187,0.23194,1,0.0,4,H,750
0.02379,0.22754,1,0.0,4,H,750
0.023082,0.22304,1,0.0,4,H,750
0.02264,0.21837,1,0.0,4,H,750
0.022113,0.21354,1,0.0,4,H,750
0.021577,0.20835,1,0.0,4,H,750
0.020982,0.20293,1,0.0,4,H,750
0.020304,0.19746,1,0.0,4,H,750
0.019889,0.19165,1,0.0,4,H,750
0.019028,0.1856,1,0.0,4,H,750
0.018377,0.17951,1,0.0,4,H,750
0.017841,0.17308,1,0.0,4,H,750
0.016905,0.16669,1,0.0,4,H,750
0.016381,0.1603,1,0.0,4,H,750
0.015823,0.15377,1,0.0,4,H,750
0.015022,0.14719,1,0.0,4,H,750
0.014296,0.14035,1,0.0,4,H,750
0.013626,0.13363,1,0.0,4,H,750
0.01293,0.12707,1,0.0,4,H,750
0.012222,0.12043,1,0.0,4,H,750
0.011574,0.11359,1,0.0,4,H,750
0.010833,0.10696,1,0.0,4,H,750
0.010144,0.10072,1,0.0,4,H,750
0.0094855,0.094233,1,0.0,4,H,750
0.0088116,0.087671,1,0.0,4,H,750
0.0081715,0.081386,1,0.0,4,H,750
0.0074789,0.075317,1,0.0,4,H,750
0.0069473,0.069233,1,0.0,4,H,750
0.0064569,0.063011,1,0.0,4,H,750
0.0057157,0.057081,1,0.0,4,H,750
0.0051728,0.051434,1,0.0,4,H,750
0.0045514,0.045631,1,0.0,4,H,750
0.0038888,0.039936,1,0.0,4,H,750
0.0034994,0.034461,1,0.0,4,H,750
0.0028668,0.028875,1,0.0,4,H,750
0.0023427,0.02343,1,0.0,4,H,750
0.0018523,0.018064,1,0.0,4,H,750
0.0013094,0.01263,1,0.0,4,H,750
0.00071046,0.0072381,1,0.0,4,H,750
0.0001901,0.0019018,1,0.0,4,H,750
-0.00022544,-0.0033411,1,0.0,4,H,750
-0.00085811,-0.0088007,1,0.0,4,H,750
-0.0013186,-0.014137,1,0.0,4,H,750
-0.0018052,-0.019522,1,0.0,4,H,750
-0.0023443,-0.025109,1,0.0,4,H,750
-0.0028984,-0.03049,1,0.0,4,H,750
-0.0034449,-0.036136,1,0.0,4,H,750
-0.0039391,-0.041891,1,0.0,4,H,750
-0.0044333,-0.047698,1,0.0,4,H,750
-0.0048488,-0.053565,1,0.0,4,H,750
-0.0055488,-0.059469,1,0.0,4,H,750
-0.0062901,-0.065744,1,0.0,4,H,750
-0.0070875,-0.072051,1,0.0,4,H,750
-0.007649,-0.078307,1,0.0,4,H,750
-0.0081806,-0.084783,1,0.0,4,H,750
-0.0089855,-0.091506,1,0.0,4,H,750
-0.0094684,-0.098217,1,0.0,4,H,750
-0.010356,-0.10518,1,0.0,4,H,750
-0.011104,-0.1124,1,0.0,4,H,750
-0.011804,-0.11967,1,0.0,4,H,750
-0.012695,-0.12708,1,0.0,4,H,750
-0.013126,-0.1343,1,0.0,4,H,750
-0.014125,-0.14152,1,0.0,4,H,750
-0.01487,-0.14876,1,0.0,4,H,750
-0.015563,-0.15572,1,0.0,4,H,750
-0.016461,-0.16253,1,0.0,4,H,750
-0.016896,-0.16922,1,0.0,4,H,750
-0.017794,-0.17571,1,0.0,4,H,750
-0.018449,-0.18192,1,0.0,4,H,750
-0.018895,-0.18785,1,0.0,4,H,750
-0.01946,-0.19321,1,0.0,4,H,750
-0.019943,-0.19851,1,0.0,4,H,750
-0.020684,-0.20373,1,0.0,4,H,750
-0.021156,-0.20842,1,0.0,4,H,750
-0.021673,-0.21306,1,0.0,4,H,750
-0.022212,-0.21718,1,0.0,4,H,750
-0.022627,-0.22089,1,0.0,4,H,750
-0.023189,-0.22463,1,0.0,4,H,750
-0.023462,-0.22802,1,0.0,4,H,750
-0.02372,-0.23111,1,0.0,4,H,750
-0.024009,-0.23387,1,0.0,4,H,750
-0.024207,-0.23654,1,0.0,4,H,750
-0.024593,-0.23907,1,0.0,4,H,750
-0.024944,-0.24132,1,0.0,4,H,750
-0.025367,-0.24353,1,0.0,4,H,750
-0.025626,-0.24582,1,0.0,4,H,750
-0.025689,-0.24796,1,0.0,4,H,750
-0.026049,-0.24981,1,0.0,4,H,750
-0.026266,-0.25156,1,0.0,4,H,750
-0.026513,-0.25316,1,0.0,4,H,750
-0.026667,-0.25464,1,0.0,4,H,750
-0.026667,-0.25588,1,0.0,4,H,750
-0.027075,-0.25692,1,0.0,4,H,750
-0.027228,-0.25788,1,0.0,4,H,750
-0.027314,-0.25871,1,0.0,4,H,750
-0.027569,-0.25972,1,0.0,4,H,750
-0.027636,-0.26069,1,0.0,4,H,750
-0.027674,-0.2615,1,0.0,4,H,750
-0.027778,-0.26232,1,0.0,4,H,750
-0.027977,-0.26349,1,0.0,4,H,750
-0.028164,-0.26435,1,0.0,4,H,750
-0.028422,-0.26476,1,0.0,4,H,750
-0.028606,-0.26557,1,0.0,4,H,750
-0.028621,-0.26634,1,0.0,4,H,750
-0.028864,-0.26687,1,0.0,4,H,750
-0.029014,-0.26736,1,0.0,4,H,750
-0.029006,-0.26786,1,0.0,4,H,750
-0.029238,-0.26835,1,0.0,4,H,750
-0.029175,-0.26863,1,0.0,4,H,750
-0.029156,-0.26875,1,0.0,4,H,750
-0.029429,-0.26868,1,0.0,4,H,750
-0.029414,-0.26858,1,0.0,4,H,750
-0.029418,-0.26829,1,0.0,4,H,750
-0.029456,-0.26772,1,0.0,4,H,750
-0.02947,-0.26709,1,0.0,4,H,750
-0.029287,-0.26615,1,0.0,4,H,750
-0.029149,-0.26498,1,0.0,4,H,750
-0.029205,-0.26355,1,0.0,4,H,750
-0.028875,-0.26167,1,0.0,4,H,750
-0.028692,-0.25972,1,0.0,4,H,750
-0.028628,-0.25754,1,0.0,4,H,750
-0.028291,-0.25529,1,0.0,4,H,750
-0.027988,-0.25296,1,0.0,4,H,750
-0.027793,-0.25007,1,0.0,4,H,750
-0.027464,-0.24708,1,0.0,4,H,750
-0.027022,-0.24397,1,0.0,4,H,750
-0.026637,-0.24026,1,0.0,4,H,750
-0.026146,-0.23635,1,0.0,4,H,750
-0.025843,-0.23251,1,0.0,4,H,750
-0.025439,-0.22824,1,0.0,4,H,750
-0.024776,-0.22372,1,0.0,4,H,750
-0.024233,-0.21902,1,0.0,4,H,750
-0.023821,-0.21382,1,0.0,4,H,750
-0.023271,-0.20878,1,0.0,4,H,750
-0.022504,-0.20357,1,0.0,4,H,750
-0.022174,-0.19773,1,0.0,4,H,750
-0.021583,-0.192,1,0.0,4,H,750
-0.020677,-0.18605,1,0.0,4,H,750
-0.020085,-0.17957,1,0.0,4,H,750
-0.019516,-0.17347,1,0.0,4,H,750
-0.018985,-0.16727,1,0.0,4,H,750
-0.018097,-0.16059,1,0.0,4,H,750
-0.017364,-0.15408,1,0.0,4,H,750
-0.016761,-0.14743,1,0.0,4,H,750
-0.01602,-0.14069,1,0.0,4,H,750
-0.015335,-0.13408,1,0.0,4,H,750
-0.014496,-0.12736,1,0.0,4,H,750
-0.01392,-0.12072,1,0.0,4,H,750
-0.013249,-0.11408,1,0.0,4,H,750
-0.012542,-0.10747,1,0.0,4,H,750
-0.01198,-0.10083,1,0.0,4,H,750
-0.011262,-0.094308,1,0.0,4,H,750
-0.010528,-0.088214,1,0.0,4,H,750
-0.0099027,-0.081719,1,0.0,4,H,750
-0.0092063,-0.075303,1,0.0,4,H,750
-0.0084951,-0.069368,1,0.0,4,H,750
-0.0080645,-0.063277,1,0.0,4,H,750
-0.0074768,-0.057433,1,0.0,4,H,750
-0.0068965,-0.051521,1,0.0,4,H,750
-0.0062264,-0.045807,1,0.0,4,H,750
-0.0055975,-0.040288,1,0.0,4,H,750
-0.0052044,-0.034686,1,0.0,4,H,750
-0.0045568,-0.029339,1,0.0,4,H,750
-0.0041188,-0.023812,1,0.0,4,H,750
-0.0035385,-0.018457,1,0.0,4,H,750
-0.0029171,-0.013121,1,0.0,4,H,750
-0.0025577,-0.0077095,1,0.0,4,H,750
-0.0018951,-0.0024666,1,0.0,4,H,750
-0.0014009,0.0029967,1,0.0,4,H,750
-0.0010079,0.0082695,1,0.0,4,H,750
-0.00037893,0.01355,1,0.0,4,H,750
0.00015641,0.019028,1,0.0,4,H,750
0.00073292,0.024372,1,0.0,4,H,750
0.0012795,0.029824,1,0.0,4,H,750
0.0016202,0.035429,1,0.0,4,H,750
0.0021443,0.04108,1,0.0,4,H,750
0.0028256,0.046748,1,0.0,4,H,750
0.0033647,0.05263,1,0.0,4,H,750
0.0038775,0.058617,1,0.0,4,H,750
0.0045289,0.06445,1,0.0,4,H,750
0.0052252,0.070556,1,0.0,4,H,750
0.0058018,0.077066,1,0.0,4,H,750
0.0064307,0.083669,1,0.0,4,H,750
0.0071008,0.090048,1,0.0,4,H,750
0.007726,0.096782,1,0.0,4,H,750
0.0085121,0.10402,1,0.0,4,H,750
0.0093657,0.11104,1,0.0,4,H,750
0.010066,0.1182,1,0.0,4,H,750
0.010717,0.12541,1,0.0,4,H,750
0.011533,0.1327,1,0.0,4,H,750
0.012402,0.13983,1,0.0,4,H,750
0.012975,0.14682,1,0.0,4,H,750
0.013544,0.15404,1,0.0,4,H,750
0.014367,0.16066,1,0.0,4,H,750
0.015097,0.16721,1,0.0,4,H,750
0.015775,0.17384,1,0.0,4,H,750
0.01646,0.18007,1,0.0,4,H,750
0.017021,0.18583,1,0.0,4,H,750
0.017545,0.19118,1,0.0,4,H,750
0.018231,0.19656,1,0.0,4,H,750
0.018833,0.20144,1,0.0,4,H,750
0.01929,0.20615,1,0.0,4,H,750
0.019866,0.21078,1,0.0,4,H,750
0.020331,0.2148,1,0.0,4,H,750
0.020814,0.21866,1,0.0,4,H,750
0.021169,0.22223,1,0.0,4,H,750
0.021476,0.22552,1,0.0,4,H,750
0.021997,0.22843,1,0.0,4,H,750
0.022251,0.23121,1,0.0,4,H,750
0.022397,0.23408,1,0.0,4,H,750
0.022663,0.23646,1,0.0,4,H,750
0.023037,0.23876,1,0.0,4,H,750
0.023382,0.2411,1,0.0,4,H,750
0.023561,0.24316,1,0.0,4,H,750
0.023797,0.24517,1,0.0,4,H,750
0.024037,0.24721,1,0.0,4,H,750
0.024288,0.24884,1,0.0,4,H,750
0.024583,0.25049,1,0.0,4,H,750
0.02467,0.25211,1,0.0,4,H,750
0.024699,0.25304,1,0.0,4,H,750
0.024988,0.25427,1,0.0,4,H,750
0.025242,0.25527,1,0.0,4,H,750
0.025452,0.25601,1,0.0,4,H,750
0.025489,0.25707,1,0.0,4,H,750
0.025549,0.25789,1,0.0,4,H,750
0.025841,0.25869,1,0.0,4,H,750
0.025849,0.25948,1,0.0,4,H,750
0.025972,0.26047,1,0.0,4,H,750
0.026287,0.26137,1,0.0,4,H,750
0.026474,0.26212,1,0.0,4,H,750
0.026627,0.26295,1,0.0,4,H,750
0.02677,0.26378,1,0.0,4,H,750
0.026897,0.2645,1,0.0,4,H,750
0.027021,0.26501,1,0.0,4,H,750
0.027017,0.26554,1,0.0,4,H,750
0.027118,0.26584,1,0.0,4,H,750
0.027402,0.26615,1,0.0,4,H,750
0.027335,0.2663,1,0.0,4,H,750
0.027268,0.26612,1,0.0,4,H,750
0.027414,0.26603,1,0.0,4,H,750
0.027432,0.26571,1,0.0,4,H,750
0.027391,0.26535,1,0.0,4,H,750
0.027406,0.26474,1,0.0,4,H,750
0.027414,0.26367,1,0.0,4,H,750
0.027294,0.26261,1,0.0,4,H,750
0.027193,0.26128,1,0.0,4,H,750
0.026972,0.2594,1,0.0,4,H,750
0.026758,0.2574,1,0.0,4,H,750
0.026702,0.2553,1,0.0,4,H,750
0.026481,0.25309,1,0.0,4,H,750
0.026283,0.2507,1,0.0,4,H,750
0.025969,0.24789,1,0.0,4,H,750
0.025546,0.24497,1,0.0,4,H,750
0.025295,0.24193,1,0.0,4,H,750
0.024838,0.23847,1,0.0,4,H,750
0.024299,0.23474,1,0.0,4,H,750
0.023876,0.23074,1,0.0,4,H,750
0.023543,0.22653,1,0.0,4,H,750
0.023101,0.22204,1,0.0,4,H,750
0.022457,0.21735,1,0.0,4,H,750
0.021993,0.2126,1,0.0,4,H,750
0.021551,0.20745,1,0.0,4,H,750
0.02096,0.20192,1,0.0,4,H,750
0.0202,0.19634,1,0.0,4,H,750
0.019518,0.19072,1,0.0,4,H,750
0.019009,0.18471,1,0.0,4,H,750
0.018332,0.17842,1,0.0,4,H,750
0.017647,0.17228,1,0.0,4,H,750
0.016965,0.16589,1,0.0,4,H,750
0.016359,0.15945,1,0.0,4,H,750
0.015692,0.153,1,0.0,4,H,750
0.014768,0.14631,1,0.0,4,H,750
0.014071,0.1397,1,0.0,4,H,750
0.01357,0.13295,1,0.0,4,H,750
0.012802,0.12646,1,0.0,4,H,750
0.01214,0.11994,1,0.0,4,H,750
0.011466,0.11317,1,0.0,4,H,750
0.010751,0.10677,1,0.0,4,H,750
0.010208,0.10031,1,0.0,4,H,750
0.0094106,0.093942,1,0.0,4,H,750
0.0088079,0.087417,1,0.0,4,H,750
0.0081565,0.080844,1,0.0,4,H,750
0.0074976,0.074902,1,0.0,4,H,750
0.0070147,0.068766,1,0.0,4,H,750
0.0062809,0.06272,1,0.0,4,H,750
0.0058205,0.056928,1,0.0,4,H,750
0.0051953,0.050937,1,0.0,4,H,750
0.0045289,0.045269,1,0.0,4,H,750
0.0039112,0.039779,1,0.0,4,H,750
0.0032748,0.03426,1,0.0,4,H,750
0.0029566,0.028729,1,0.0,4,H,750
0.0023801,0.023165,1,0.0,4,H,750
0.0018036,0.017858,1,0.0,4,H,750
0.0012757,0.012578,1,0.0,4,H,750
0.00082651,0.0071111,1,0.0,4,H,750
0.00035482,0.0017822,1,0.0,4,H,750
-0.0003939,-0.0034868,1,0.0,4,H,750
-0.00077201,-0.0088605,1,0.0,4,H,750
-0.00121,-0.014137,1,0.0,4,H,750
-0.0018277,-0.019541,1,0.0,4,H,750
-0.0022919,-0.025094,1,0.0,4,H,750
-0.002977,-0.030396,1,0.0,4,H,750
-0.0035048,-0.03608,1,0.0,4,H,750
-0.0039279,-0.041902,1,0.0,4,H,750
-0.0045306,-0.047321,1,0.0,4,H,750
-0.0050435,-0.05318,1,0.0,4,H,750
-0.0057061,-0.059245,1,0.0,4,H,750
-0.006335,-0.065303,1,0.0,4,H,750
-0.0069377,-0.071588,1,0.0,4,H,750
-0.007679,-0.077941,1,0.0,4,H,750
-0.0082779,-0.08448,1,0.0,4,H,750
-0.0089668,-0.09114,1,0.0,4,H,750
-0.0095957,-0.097836,1,0.0,4,H,750
-0.010288,-0.10479,1,0.0,4,H,750
-0.010887,-0.11185,1,0.0,4,H,750
-0.011554,-0.11891,1,0.0,4,H,750
-0.012647,-0.12617,1,0.0,4,H,750
-0.013223,-0.13339,1,0.0,4,H,750
-0.013871,-0.14075,1,0.0,4,H,750
-0.014788,-0.14792,1,0.0,4,H,750
-0.015368,-0.15475,1,0.0,4,H,750
-0.01608,-0.16173,1,0.0,4,H,750
-0.016862,-0.16848,1,0.0,4,H,750
-0.017618,-0.17492,1,0.0,4,H,750
-0.018273,-0.18116,1,0.0,4,H,750
-0.018854,-0.18704,1,0.0,4,H,750
-0.019408,-0.19262,1,0.0,4,H,750
-0.019943,-0.19797,1,0.0,4,H,750
-0.020666,-0.20297,1,0.0,4,H,750
-0.021223,-0.20774,1,0.0,4,H,750
-0.021676,-0.21238,1,0.0,4,H,750
-0.022245,-0.21651,1,0.0,4,H,750
-0.022556,-0.22027,1,0.0,4,H,750
-0.022934,-0.22389,1,0.0,4,H,750
-0.02335,-0.22719,1,0.0,4,H,750
-0.023668,-0.23017,1,0.0,4,H,750
-0.024024,-0.233,1,0.0,4,H,750
-0.024218,-0.23582,1,0.0,4,H,750
-0.024608,-0.23835,1,0.0,4,H,750
-0.024948,-0.2405,1,0.0,4,H,750
-0.025158,-0.24268,1,0.0,4,H,750
-0.02536,-0.24477,1,0.0,4,H,750
-0.025656,-0.24668,1,0.0,4,H,750
-0.026008,-0.24869,1,0.0,4,H,750
-0.026034,-0.25054,1,0.0,4,H,750
-0.02624,-0.25202,1,0.0,4,H,750
-0.026532,-0.25345,1,0.0,4,H,750
-0.026711,-0.25486,1,0.0,4,H,750
-0.026895,-0.25615,1,0.0,4,H,750
-0.027105,-0.25711,1,0.0,4,H,750
-0.027262,-0.25788,1,0.0,4,H,750
-0.027318,-0.25882,1,0.0,4,H,750
-0.027445,-0.25983,1,0.0,4,H,750
-0.027565,-0.26087,1,0.0,4,H,750
-0.027718,-0.26174,1,0.0,4,H,750
-0.027891,-0.26263,1,0.0,4,H,750
-0.028216,-0.26356,1,0.0,4,H,750
-0.028374,-0.26443,1,0.0,4,H,750
-0.028381,-0.26533,1,0.0,4,H,750
-0.028565,-0.26585,1,0.0,4,H,750
-0.028703,-0.26657,1,0.0,4,H,750
-0.028864,-0.26714,1,0.0,4,H,750
-0.029014,-0.26735,1,0.0,4,H,750
-0.029077,-0.26777,1,0.0,4,H,750
-0.02913,-0.26788,1,0.0,4,H,750
-0.029253,-0.26811,1,0.0,4,H,750
-0.029201,-0.26825,1,0.0,4,H,750
-0.029216,-0.26789,1,0.0,4,H,750
-0.02919,-0.26765,1,0.0,4,H,750
-0.029104,-0.26717,1,0.0,4,H,750
-0.029358,-0.26625,1,0.0,4,H,750
-0.029272,-0.26535,1,0.0,4,H,750
-0.029119,-0.2643,1,0.0,4,H,750
-0.0291,-0.26279,1,0.0,4,H,750
-0.028879,-0.26105,1,0.0,4,H,750
-0.028624,-0.25918,1,0.0,4,H,750
-0.028389,-0.25699,1,0.0,4,H,750
-0.028168,-0.25448,1,0.0,4,H,750
-0.027864,-0.25209,1,0.0,4,H,750
-0.027715,-0.24939,1,0.0,4,H,750
-0.027475,-0.24642,1,0.0,4,H,750
-0.027,-0.2434,1,0.0,4,H,750
-0.026528,-0.23988,1,0.0,4,H,750
-0.026221,-0.23627,1,0.0,4,H,750
-0.025914,-0.23241,1,0.0,4,H,750
-0.025251,-0.22801,1,0.0,4,H,750
-0.024709,-0.22339,1,0.0,4,H,750
-0.024316,-0.2188,1,0.0,4,H,750
-0.023791,-0.21395,1,0.0,4,H,750
-0.023177,-0.20865,1,0.0,4,H,750
-0.022676,-0.20319,1,0.0,4,H,750
-0.022073,-0.19763,1,0.0,4,H,750
-0.021381,-0.19194,1,0.0,4,H,750
-0.021017,-0.18587,1,0.0,4,H,750
-0.020186,-0.17976,1,0.0,4,H,750
-0.019265,-0.17354,1,0.0,4,H,750
-0.018842,-0.16712,1,0.0,4,H,750
-0.018131,-0.16065,1,0.0,4,H,750
-0.0173,-0.15395,1,0.0,4,H,750
-0.0166,-0.14723,1,0.0,4,H,750
-0.016031,-0.14053,1,0.0,4,H,750
-0.01538,-0.13387,1,0.0,4,H,750
-0.014612,-0.12728,1,0.0,4,H,750
-0.014009,-0.12066,1,0.0,4,H,750
-0.013309,-0.11406,1,0.0,4,H,750
-0.01268,-0.10753,1,0.0,4,H,750
-0.011988,-0.10091,1,0.0,4,H,750
-0.011119,-0.094443,1,0.0,4,H,750
-0.010554,-0.088214,1,0.0,4,H,750
-0.0099551,-0.081846,1,0.0,4,H,750
-0.0092326,-0.075661,1,0.0,4,H,750
-0.008656,-0.069462,1,0.0,4,H,750
-0.0080496,-0.063266,1,0.0,4,H,750
-0.0073083,-0.057433,1,0.0,4,H,750
-0.0067019,-0.051551,1,0.0,4,H,750
-0.0061927,-0.045789,1,0.0,4,H,750
-0.0056275,-0.040019,1,0.0,4,H,750
-0.0051333,-0.034511,1,0.0,4,H,750
-0.0045793,-0.029227,1,0.0,4,H,750
-0.0040439,-0.023845,1,0.0,4,H,750
-0.0034824,-0.018543,1,0.0,4,H,750
-0.0028946,-0.013083,1,0.0,4,H,750
-0.0024117,-0.0077282,1,0.0,4,H,750
-0.0018726,-0.0022835,1,0.0,4,H,750
-0.001341,0.0029855,1,0.0,4,H,750
-0.00094796,0.0082321,1,0.0,4,H,750
-0.00041262,0.01374,1,0.0,4,H,750
0.00014518,0.019103,1,0.0,4,H,750
0.00054574,0.024469,1,0.0,4,H,750
0.0011485,0.02976,1,0.0,4,H,750
0.0016576,0.03547,1,0.0,4,H,750
0.0023052,0.041076,1,0.0,4,H,750
0.0029416,0.046513,1,0.0,4,H,750
0.0033048,0.052492,1,0.0,4,H,750
0.0039936,0.058441,1,0.0,4,H,750
0.0045888,0.064637,1,0.0,4,H,750
0.0052552,0.070911,1,0.0,4,H,750
0.0060151,0.077077,1,0.0,4,H,750
0.0065655,0.083665,1,0.0,4,H,750
0.0071869,0.090388,1,0.0,4,H,750
0.0078383,0.097234,1,0.0,4,H,750
0.0085571,0.10422,1,0.0,4,H,750
0.0092871,0.11127,1,0.0,4,H,750
0.010141,0.11847,1,0.0,4,H,750
0.010807,0.1257,1,0.0,4,H,750
0.011481,0.13303,1,0.0,4,H,750
0.012346,0.14026,1,0.0,4,H,750
0.013034,0.14725,1,0.0,4,H,750
0.013772,0.15426,1,0.0,4,H,750
0.014446,0.16119,1,0.0,4,H,750
0.015191,0.16792,1,0.0,4,H,750
0.015861,0.1743,1,0.0,4,H,750
0.016531,0.18047,1,0.0,4,H,750
0.017223,0.18668,1,0.0,4,H,750
0.017658,0.19221,1,0.0,4,H,750
0.018231,0.19729,1,0.0,4,H,750
0.018695,0.20233,1,0.0,4,H,750
0.01932,0.20723,1,0.0,4,H,750
0.019994,0.21192,1,0.0,4,H,750
0.020379,0.21582,1,0.0,4,H,750
0.020806,0.21962,1,0.0,4,H,750
0.021132,0.22322,1,0.0,4,H,750
0.021458,0.2264,1,0.0,4,H,750
0.02191,0.2296,1,0.0,4,H,750
0.0223,0.23212,1,0.0,4,H,750
0.022457,0.23473,1,0.0,4,H,750
0.022835,0.23746,1,0.0,4,H,750
0.023247,0.23968,1,0.0,4,H,750
0.023299,0.24177,1,0.0,4,H,750
0.02355,0.24384,1,0.0,4,H,750
0.023868,0.24588,1,0.0,4,H,750
0.02413,0.24775,1,0.0,4,H,750
0.024378,0.24951,1,0.0,4,H,750
0.024583,0.25122,1,0.0,4,H,750
0.024872,0.25277,1,0.0,4,H,750
0.02495,0.25413,1,0.0,4,H,750
0.025074,0.25541,1,0.0,4,H,750
0.025407,0.25636,1,0.0,4,H,750
0.025463,0.25723,1,0.0,4,H,750
0.025568,0.25831,1,0.0,4,H,750
0.025808,0.25916,1,0.0,4,H,750
0.025972,0.26002,1,0.0,4,H,750
0.026126,0.26101,1,0.0,4,H,750
0.026242,0.26196,1,0.0,4,H,750
0.026549,0.2628,1,0.0,4,H,750
0.026706,0.26366,1,0.0,4,H,750
0.026755,0.26461,1,0.0,4,H,750
0.026852,0.26526,1,0.0,4,H,750
0.026871,0.26597,1,0.0,4,H,750
0.027174,0.2666,1,0.0,4,H,750
0.027219,0.267,1,0.0,4,H,750
0.027421,0.2674,1,0.0,4,H,750
0.027736,0.26746,1,0.0,4,H,750
0.027425,0.26758,1,0.0,4,H,750
0.027477,0.26751,1,0.0,4,H,750
0.027593,0.26734,1,0.0,4,H,750
0.027492,0.2672,1,0.0,4,H,750
0.02753,0.26652,1,0.0,4,H,750
0.027533,0.26585,1,0.0,4,H,750
0.027477,0.26505,1,0.0,4,H,750
0.027406,0.26382,1,0.0,4,H,750
0.027286,0.26227,1,0.0,4,H,750
0.026957,0.26056,1,0.0,4,H,750
0.026871,0.25871,1,0.0,4,H,750
0.02674,0.25653,1,0.0,4,H,750
0.026538,0.25419,1,0.0,4,H,750
0.026261,0.25165,1,0.0,4,H,750
0.02589,0.24902,1,0.0,4,H,750
0.025699,0.24618,1,0.0,4,H,750
0.025205,0.24297,1,0.0,4,H,750
0.024977,0.23948,1,0.0,4,H,750
0.024591,0.23593,1,0.0,4,H,750
0.023969,0.23202,1,0.0,4,H,750
0.02361,0.22784,1,0.0,4,H,750
0.023142,0.22355,1,0.0,4,H,750
0.022858,0.21866,1,0.0,4,H,750
0.022214,0.21381,1,0.0,4,H,750
0.02154,0.20873,1,0.0,4,H,750
0.020993,0.20308,1,0.0,4,H,750
0.020147,0.19751,1,0.0,4,H,750
0.019758,0.19176,1,0.0,4,H,750
0.019193,0.1859,1,0.0,4,H,750
0.018298,0.17976,1,0.0,4,H,750
0.017886,0.17323,1,0.0,4,H,750
0.017205,0.1669,1,0.0,4,H,750
0.016374,0.16055,1,0.0,4,H,750
0.015846,0.15393,1,0.0,4,H,750
0.014936,0.14735,1,0.0,4,H,750
0.014326,0.14074,1,0.0,4,H,750
0.013768,0.13389,1,0.0,4,H,750
0.012829,0.12716,1,0.0,4,H,750
0.012237,0.1207,1,0.0,4,H,750
0.011529,0.11419,1,0.0,4,H,750
0.010852,0.10759,1,0.0,4,H,750
0.010215,0.10102,1,0.0,4,H,750
0.0095641,0.094614,1,0.0,4,H,750
0.00901,0.088131,1,0.0,4,H,750
0.0082014,0.081857,1,0.0,4,H,750
0.0075837,0.075907,1,0.0,4,H,750
0.0070409,0.06957,1,0.0,4,H,750
0.0063483,0.063467,1,0.0,4,H,750
0.0057269,0.057623,1,0.0,4,H,750
0.0051916,0.051543,1,0.0,4,H,750
0.0046674,0.045754,1,0.0,4,H,750
0.0041171,0.040097,1,0.0,4,H,750
0.0034957,0.03448,1,0.0,4,H,750
0.0028293,0.029121,1,0.0,4,H,750
0.0024587,0.02368,1,0.0,4,H,750
0.0019496,0.018247,1,0.0,4,H,750
0.0013207,0.012911,1,0.0,4,H,750
0.00092385,0.0075856,1,0.0,4,H,750
0.00026497,0.0022194,1,0.0,4,H,750
-0.0003078,-0.0032514,1,0.0,4,H,750
-0.00068216,-0.0085503,1,0.0,4,H,750
-0.0011239,-0.014085,1,0.0,4,H,750
-0.0016143,-0.019697,1,0.0,4,H,750
-0.0023668,-0.025064,1,0.0,4,H,750
-0.0029658,-0.030703,1,0.0,4,H,750
-0.0034262,-0.036353,1,0.0,4,H,750
-0.0040327,-0.04194,1,0.0,4,H,750
-0.0045306,-0.04765,1,0.0,4,H,750
-0.0050472,-0.053539,1,0.0,4,H,750
-0.0056275,-0.05972,1,0.0,4,H,750
-0.0062227,-0.065826,1,0.0,4,H,750
-0.0069789,-0.071947,1,0.0,4,H,750
-0.0076265,-0.078386,1,0.0,4,H,750
-0.008117,-0.08485,1,0.0,4,H,750
-0.0088807,-0.091554,1,0.0,4,H,750
-0.0096855,-0.098359,1,0.0,4,H,750
-0.010423,-0.10504,1,0.0,4,H,750
-0.011112,-0.11219,1,0.0,4,H,750
-0.011786,-0.11955,1,0.0,4,H,750
-0.012471,-0.1267,1,0.0,4,H,750
-0.013126,-0.13382,1,0.0,4,H,750
-0.014148,-0.14104,1,0.0,4,H,750
-0.014837,-0.14828,1,0.0,4,H,750
-0.015383,-0.15545,1,0.0,4,H,750
-0.016338,-0.16238,1,0.0,4,H,750
-0.017094,-0.16918,1,0.0,4,H,750
-0.017783,-0.17571,1,0.0,4,H,750
-0.018285,-0.18199,1,0.0,4,H,750
-0.01879,-0.18814,1,0.0,4,H,750
-0.019576,-0.19371,1,0.0,4,H,750
-0.020145,-0.19912,1,0.0,4,H,750
-0.020501,-0.20418,1,0.0,4,H,750
-0.021118,-0.20901,1,0.0,4,H,750
-0.021908,-0.21366,1,0.0,4,H,750
-0.02244,-0.21773,1,0.0,4,H,750
-0.022713,-0.22158,1,0.0,4,H,750
-0.02305,-0.22498,1,0.0,4,H,750
-0.023477,-0.22829,1,0.0,4,H,750
-0.023799,-0.23143,1,0.0,4,H,750
-0.024173,-0.23418,1,0.0,4,H,750
-0.024458,-0.23681,1,0.0,4,H,750
-0.024694,-0.23918,1,0.0,4,H,750
-0.025023,-0.24161,1,0.0,4,H,750
-0.025259,-0.24393,1,0.0,4,H,750
-0.025562,-0.24604,1,0.0,4,H,750
-0.025828,-0.24799,1,0.0,4,H,750
-0.025899,-0.24965,1,0.0,4,H,750
-0.026053,-0.25137,1,0.0,4,H,750
-0.026412,-0.25322,1,0.0,4,H,750
-0.026633,-0.2549,1,0.0,4,H,750
-0.026869,-0.25617,1,0.0,4,H,750
-0.027093,-0.25732,1,0.0,4,H,750
-0.027045,-0.25842,1,0.0,4,H,750
-0.027288,-0.25936,1,0.0,4,H,750
-0.02758,-0.26033,1,0.0,4,H,750
-0.027685,-0.26106,1,0.0,4,H,750
-0.027782,-0.26203,1,0.0,4,H,750
-0.027906,-0.26312,1,0.0,4,H,750
-0.028224,-0.26389,1,0.0,4,H,750
-0.028362,-0.26493,1,0.0,4,H,750
-0.0284,-0.26574,1,0.0,4,H,750
-0.028639,-0.2666,1,0.0,4,H,750
-0.028804,-0.26747,1,0.0,4,H,750
-0.02898,-0.26798,1,0.0,4,H,750
-0.029081,-0.26852,1,0.0,4,H,750
-0.029021,-0.26886,1,0.0,4,H,750
-0.029193,-0.2692,1,0.0,4,H,750
-0.029253,-0.26921,1,0.0,4,H,750
-0.029291,-0.26928,1,0.0,4,H,750
-0.029497,-0.2695,1,0.0,4,H,750
-0.029377,-0.26883,1,0.0,4,H,750
-0.029441,-0.26849,1,0.0,4,H,750
-0.0295,-0.26816,1,0.0,4,H,750
-0.029347,-0.2672,1,0.0,4,H,750
-0.029351,-0.2664,1,0.0,4,H,750
-0.029193,-0.26518,1,0.0,4,H,750
-0.029085,-0.2638,1,0.0,4,H,750
-0.028935,-0.26196,1,0.0,4,H,750
-0.028696,-0.25982,1,0.0,4,H,750
-0.028568,-0.25784,1,0.0,4,H,750
-0.028265,-0.25516,1,0.0,4,H,750
-0.028029,-0.25251,1,0.0,4,H,750
-0.027771,-0.24981,1,0.0,4,H,750
-0.02737,-0.24677,1,0.0,4,H,750
-0.027105,-0.24386,1,0.0,4,H,750
-0.026711,-0.24026,1,0.0,4,H,750
-0.026341,-0.23648,1,0.0,4,H,750
-0.025865,-0.23271,1,0.0,4,H,750
-0.025353,-0.22836,1,0.0,4,H,750
-0.024926,-0.22378,1,0.0,4,H,750
-0.024192,-0.21905,1,0.0,4,H,750
-0.023773,-0.21424,1,0.0,4,H,750
-0.023368,-0.20902,1,0.0,4,H,750
-0.022601,-0.20336,1,0.0,4,H,750
-0.021935,-0.19768,1,0.0,4,H,750
-0.021298,-0.19184,1,0.0,4,H,750
-0.020748,-0.18589,1,0.0,4,H,750
-0.020168,-0.17966,1,0.0,4,H,750
-0.019363,-0.17333,1,0.0,4,H,750
-0.018666,-0.16695,1,0.0,4,H,750
-0.018154,-0.16037,1,0.0,4,H,750
-0.017251,-0.15385,1,0.0,4,H,750
-0.016476,-0.14707,1,0.0,4,H,750
-0.015997,-0.14031,1,0.0,4,H,750
-0.01529,-0.13361,1,0.0,4,H,750
-0.014672,-0.12687,1,0.0,4,H,750
-0.014009,-0.1205,1,0.0,4,H,750
-0.013253,-0.11375,1,0.0,4,H,750
-0.012512,-0.10704,1,0.0,4,H,750
-0.011857,-0.10079,1,0.0,4,H,750
-0.01128,-0.094286,1,0.0,4,H,750
-0.010487,-0.088101,1,0.0,4,H,750
-0.0098839,-0.081909,1,0.0,4,H,750
-0.0093187,-0.075512,1,0.0,4,H,750
-0.008555,-0.069566,1,0.0,4,H,750
-0.0080533,-0.063434,1,0.0,4,H,750
-0.0073944,-0.057358,1,0.0,4,H,750
-0.0066794,-0.051584,1,0.0,4,H,750
-0.006219,-0.045759,1,0.0,4,H,750
-0.0057211,-0.040116,1,0.0,4,H,750
-0.0051595,-0.0346,1,0.0,4,H,750
-0.004598,-0.029103,1,0.0,4,H,750
-0.0041487,-0.023711,1,0.0,4,H,750
-0.0035535,-0.018322,1,0.0,4,H,750
-0.0028946,-0.012997,1,0.0,4,H,750
-0.0024604,-0.0077058,1,0.0,4,H,750
-0.0020411,-0.0022723,1,0.0,4,H,750
-0.0014571,0.0030304,1,0.0,4,H,750
-0.0008057,0.0084862,1,0.0,4,H,750
-0.00039016,0.014088,1,0.0,4,H,750
0.00011897,0.019488,1,0.0,4,H,750
0.00065431,0.024944,1,0.0,4,H,750
0.0010811,0.0305,1,0.0,4,H,750
0.0017137,0.036251,1,0.0,4,H,750
0.0022079,0.041917,1,0.0,4,H,750
0.0027582,0.047559,1,0.0,4,H,750
0.0034395,0.053535,1,0.0,4,H,750
0.0040498,0.059521,1,0.0,4,H,750
0.0045888,0.065552,1,0.0,4,H,750
0.0052777,0.071969,1,0.0,4,H,750
0.0060451,0.07837,1,0.0,4,H,750
0.0065355,0.084682,1,0.0,4,H,750
0.0072356,0.091651,1,0.0,4,H,750
0.0079543,0.098433,1,0.0,4,H,750
0.0086394,0.1052,1,0.0,4,H,750
0.009448,0.11255,1,0.0,4,H,750
0.010118,0.11956,1,0.0,4,H,750
0.010732,0.12673,1,0.0,4,H,750
0.011563,0.13406,1,0.0,4,H,750
0.012514,0.14128,1,0.0,4,H,750
0.013203,0.14845,1,0.0,4,H,750
0.013858,0.1554,1,0.0,4,H,750
0.014592,0.16226,1,0.0,4,H,750
0.015284,0.16912,1,0.0,4,H,750
0.015928,0.1755,1,0.0,4,H,750
0.016696,0.18161,1,0.0,4,H,750
0.017298,0.18784,1,0.0,4,H,750
0.017789,0.19347,1,0.0,4,H,750
0.018406,0.19882,1,0.0,4,H,750
0.018863,0.20384,1,0.0,4,H,750
0.019567,0.20854,1,0.0,4,H,750
0.020099,0.21315,1,0.0,4,H,750
0.02051,0.21718,1,0.0,4,H,750
0.021098,0.22083,1,0.0,4,H,750
0.021338,0.2243,1,0.0,4,H,750
0.021761,0.22763,1,0.0,4,H,750
0.022109,0.23063,1,0.0,4,H,750
0.022375,0.23336,1,0.0,4,H,750
0.022753,0.23603,1,0.0,4,H,750
0.022921,0.23853,1,0.0,4,H,750
0.023318,0.241,1,0.0,4,H,750
0.02352,0.24307,1,0.0,4,H,750
0.023726,0.24499,1,0.0,4,H,750
0.024071,0.24696,1,0.0,4,H,750
0.024168,0.24863,1,0.0,4,H,750
0.024445,0.25036,1,0.0,4,H,750
0.024726,0.25205,1,0.0,4,H,750
0.024924,0.25371,1,0.0,4,H,750
0.025156,0.25516,1,0.0,4,H,750
0.025254,0.25628,1,0.0,4,H,750
0.025325,0.25737,1,0.0,4,H,750
0.025549,0.25825,1,0.0,4,H,750
0.025725,0.25922,1,0.0,4,H,750
0.025819,0.26013,1,0.0,4,H,750
0.02601,0.2609,1,0.0,4,H,750
0.026328,0.26183,1,0.0,4,H,750
0.026485,0.26285,1,0.0,4,H,750
0.0265,0.26388,1,0.0,4,H,750
0.026773,0.26472,1,0.0,4,H,750
0.026919,0.26549,1,0.0,4,H,750
0.026942,0.26626,1,0.0,4,H,750
0.027167,0.26702,1,0.0,4,H,750
0.027211,0.26762,1,0.0,4,H,750
0.02726,0.26804,1,0.0,4,H,750
0.027526,0.26846,1,0.0,4,H,750
0.027601,0.26859,1,0.0,4,H,750
0.027616,0.26847,1,0.0,4,H,750
0.027713,0.26846,1,0.0,4,H,750
0.027627,0.26843,1,0.0,4,H,750
0.027612,0.268,1,0.0,4,H,750
0.027642,0.26739,1,0.0,4,H,750
0.027653,0.26669,1,0.0,4,H,750
0.027642,0.26569,1,0.0,4,H,750
0.027436,0.26453,1,0.0,4,H,750
0.027395,0.26314,1,0.0,4,H,750
0.027219,0.26128,1,0.0,4,H,750
0.027054,0.25911,1,0.0,4,H,750
0.026964,0.25704,1,0.0,4,H,750
0.026478,0.25459,1,0.0,4,H,750
0.026238,0.25178,1,0.0,4,H,750
0.026096,0.24898,1,0.0,4,H,750
0.025662,0.24593,1,0.0,4,H,750
0.025186,0.24284,1,0.0,4,H,750
0.024816,0.23948,1,0.0,4,H,750
0.024613,0.23567,1,0.0,4,H,750
0.024235,0.23181,1,0.0,4,H,750
0.023704,0.22775,1,0.0,4,H,750
0.023138,0.22332,1,0.0,4,H,750
0.022539,0.21849,1,0.0,4,H,750
0.022109,0.21354,1,0.0,4,H,750
0.021589,0.20846,1,0.0,4,H,750
0.020937,0.2029,1,0.0,4,H,750
0.020334,0.19729,1,0.0,4,H,750
0.019747,0.19147,1,0.0,4,H,750
0.019058,0.18529,1,0.0,4,H,750
0.018354,0.17933,1,0.0,4,H,750
0.017748,0.17308,1,0.0,4,H,750
0.016995,0.16649,1,0.0,4,H,750
0.01634,0.15998,1,0.0,4,H,750
0.015722,0.15345,1,0.0,4,H,750
0.015127,0.14676,1,0.0,4,H,750
0.014356,0.13993,1,0.0,4,H,750
0.013491,0.13326,1,0.0,4,H,750
0.012918,0.12656,1,0.0,4,H,750
0.012158,0.11985,1,0.0,4,H,750
0.011661,0.11329,1,0.0,4,H,750
0.011043,0.10681,1,0.0,4,H,750
0.010189,0.10046,1,0.0,4,H,750
0.0095341,0.094155,1,0.0,4,H,750
0.0087255,0.087787,1,0.0,4,H,750
0.0081789,0.081472,1,0.0,4,H,750
0.0074864,0.075205,1,0.0,4,H,750
0.0068387,0.069117,1,0.0,4,H,750
0.006543,0.063258,1,0.0,4,H,750
0.0057681,0.057219,1,0.0,4,H,750
0.0049969,0.05127,1,0.0,4,H,750
0.0046113,0.045485,1,0.0,4,H,750
0.004061,0.039779,1,0.0,4,H,750
0.0034208,0.034222,1,0.0,4,H,750
0.0029379,0.028654,1,0.0,4,H,750
0.0025261,0.023221,1,0.0,4,H,750
0.0018672,0.018019,1,0.0,4,H,750
0.0012233,0.01266,1,0.0,4,H,750
0.00084149,0.007126,1,0.0,4,H,750
0.00032861,0.0018869,1,0.0,4,H,750
-0.0002479,-0.0035242,1,0.0,4,H,750
-0.00077575,-0.0090809,1,0.0,4,H,750
-0.0012624,-0.014492,1,0.0,4,H,750
-0.0017641,-0.020015,1,0.0,4,H,750
-0.0022582,-0.025553,1,0.0,4,H,750
-0.0028085,-0.031293,1,0.0,4,H,750
-0.0034225,-0.037018,1,0.0,4,H,750
-0.0040065,-0.042676,1,0.0,4,H,750
-0.0046616,-0.048442,1,0.0,4,H,750
-0.0051932,-0.054316,1,0.0,4,H,750
-0.0058109,-0.060437,1,0.0,4,H,750
-0.0063088,-0.066513,1,0.0,4,H,750
-0.0069752,-0.072702,1,0.0,4,H,750
-0.0078175,-0.079204,1,0.0,4,H,750
-0.0082704,-0.08577,1,0.0,4,H,750
-0.0090192,-0.092406,1,0.0,4,H,750
-0.0097379,-0.099148,1,0.0,4,H,750
-0.010299,-0.10612,1,0.0,4,H,750
-0.011074,-0.11328,1,0.0,4,H,750
-0.012051,-0.12037,1,0.0,4,H,750
-0.0128,-0.12756,1,0.0,4,H,750
-0.013227,-0.13485,1,0.0,4,H,750
-0.014125,-0.14212,1,0.0,4,H,750
-0.014897,-0.14938,1,0.0,4,H,750
-0.015428,-0.15637,1,0.0,4,H,750
-0.016375,-0.1633,1,0.0,4,H,750
-0.01715,-0.17013,1,0.0,4,H,750
-0.017573,-0.17668,1,0.0,4,H,750
-0.018348,-0.18299,1,0.0,4,H,750
-0.019067,-0.18903,1,0.0,4,H,750
-0.019584,-0.19486,1,0.0,4,H,750
-0.020269,-0.20029,1,0.0,4,H,750
-0.020703,-0.20541,1,0.0,4,H,750
-0.021272,-0.21021,1,0.0,4,H,750
-0.022006,-0.21473,1,0.0,4,H,750
-0.022418,-0.21884,1,0.0,4,H,750
-0.022799,-0.22249,1,0.0,4,H,750
-0.023226,-0.22594,1,0.0,4,H,750
-0.023522,-0.22921,1,0.0,4,H,750
-0.023922,-0.23241,1,0.0,4,H,750
-0.024233,-0.23514,1,0.0,4,H,750
-0.024458,-0.23765,1,0.0,4,H,750
-0.024911,-0.2401,1,0.0,4,H,750
-0.025102,-0.24235,1,0.0,4,H,750
-0.025278,-0.24453,1,0.0,4,H,750
-0.025543,-0.24649,1,0.0,4,H,750
-0.025689,-0.24846,1,0.0,4,H,750
-0.02609,-0.25026,1,0.0,4,H,750
-0.026285,-0.2519,1,0.0,4,H,750
-0.026412,-0.25352,1,0.0,4,H,750
-0.02685,-0.25489,1,0.0,4,H,750
-0.026947,-0.25628,1,0.0,4,H,750
-0.02703,-0.25753,1,0.0,4,H,750
-0.027228,-0.25865,1,0.0,4,H,750
-0.027269,-0.25965,1,0.0,4,H,750
-0.027438,-0.26057,1,0.0,4,H,750
-0.027546,-0.26153,1,0.0,4,H,750
-0.027748,-0.2622,1,0.0,4,H,750
-0.028029,-0.26297,1,0.0,4,H,750
-0.028141,-0.264,1,0.0,4,H,750
-0.028321,-0.2649,1,0.0,4,H,750
-0.028542,-0.26591,1,0.0,4,H,750
-0.028617,-0.26682,1,0.0,4,H,750
-0.028838,-0.26753,1,0.0,4,H,750
-0.029268,-0.26828,1,0.0,4,H,750
-0.029167,-0.26877,1,0.0,4,H,750
-0.029021,-0.26941,1,0.0,4,H,750
-0.029313,-0.26979,1,0.0,4,H,750
-0.029433,-0.26973,1,0.0,4,H,750
-0.029429,-0.27002,1,0.0,4,H,750
-0.029396,-0.26983,1,0.0,4,H,750
-0.029437,-0.26936,1,0.0,4,H,750
-0.029407,-0.26903,1,0.0,4,H,750
-0.029373,-0.26822,1,0.0,4,H,750
-0.029519,-0.26754,1,0.0,4,H,750
-0.029504,-0.26655,1,0.0,4,H,750
-0.029272,-0.26534,1,0.0,4,H,750
-0.02904,-0.26399,1,0.0,4,H,750
-0.028954,-0.26201,1,0.0,4,H,750
-0.028759,-0.2601,1,0.0,4,H,750
-0.028598,-0.25779,1,0.0,4,H,750
-0.02825,-0.25517,1,0.0,4,H,750
-0.027838,-0.2524,1,0.0,4,H,750
-0.027849,-0.2494,1,0.0,4,H,750
-0.027408,-0.24649,1,0.0,4,H,750
-0.026872,-0.24307,1,0.0,4,H,750
-0.026629,-0.23979,1,0.0,4,H,750
-0.026154,-0.23622,1,0.0,4,H,750
-0.025746,-0.2321,1,0.0,4,H,750
-0.025353,-0.228,1,0.0,4,H,750
-0.024825,-0.22354,1,0.0,4,H,750
-0.024319,-0.21884,1,0.0,4,H,750
-0.023773,-0.21377,1,0.0,4,H,750
-0.02314,-0.20844,1,0.0,4,H,750
-0.022605,-0.20309,1,0.0,4,H,750
-0.022103,-0.19739,1,0.0,4,H,750
-0.021399,-0.19143,1,0.0,4,H,750
-0.020725,-0.18547,1,0.0,4,H,750
-0.020052,-0.17927,1,0.0,4,H,750
-0.019423,-0.17292,1,0.0,4,H,750
-0.018842,-0.16655,1,0.0,4,H,750
-0.017981,-0.15994,1,0.0,4,H,750
-0.01739,-0.15326,1,0.0,4,H,750
-0.016787,-0.14656,1,0.0,4,H,750
-0.015892,-0.13975,1,0.0,4,H,750
-0.015129,-0.13296,1,0.0,4,H,750
-0.014331,-0.12624,1,0.0,4,H,750
-0.01377,-0.11962,1,0.0,4,H,750
-0.013156,-0.11304,1,0.0,4,H,750
-0.012396,-0.10649,1,0.0,4,H,750
-0.011793,-0.099989,1,0.0,4,H,750
-0.011063,-0.093494,1,0.0,4,H,750
-0.010382,-0.087459,1,0.0,4,H,750
-0.009824,-0.081263,1,0.0,4,H,750
-0.0092251,-0.074906,1,0.0,4,H,750
-0.0085774,-0.06901,1,0.0,4,H,750
-0.0079597,-0.062986,1,0.0,4,H,750
-0.0073495,-0.057048,1,0.0,4,H,750
-0.0067356,-0.05114,1,0.0,4,H,750
-0.0061965,-0.045344,1,0.0,4,H,750
-0.0056162,-0.039817,1,0.0,4,H,750
-0.0051333,-0.034118,1,0.0,4,H,750
-0.0046841,-0.028502,1,0.0,4,H,750
-0.0041487,-0.023262,1,0.0,4,H,750
-0.0036022,-0.018042,1,0.0,4,H,750
-0.0030369,-0.012702,1,0.0,4,H,750
-0.0024753,-0.0075002,1,0.0,4,H,750
-0.0020299,-0.0020257,1,0.0,4,H,750
-0.0016106,0.0033742,1,0.0,4,H,750
-0.00081319,0.0086619,1,0.0,4,H,750
-0.00028908,0.014237,1,0.0,4,H,750
-0.00010565,0.019618,1,0.0,4,H,750
0.00069174,0.025269,1,0.0,4,H,750
0.0013506,0.030878,1,0.0,4,H,750
0.0016875,0.036337,1,0.0,4,H,750
0.0023502,0.042159,1,0.0,4,H,750
0.0029416,0.047873,1,0.0,4,H,750
0.0034133,0.053695,1,0.0,4,H,750
0.0041209,0.059723,1,0.0,4,H,750
0.0048808,0.065986,1,0.0,4,H,750
0.0053039,0.072159,1,0.0,4,H,750
0.0059964,0.078501,1,0.0,4,H,750
0.0067115,0.085358,1,0.0,4,H,750
0.0071345,0.091995,1,0.0,4,H,750
0.0080404,0.098729,1,0.0,4,H,750
0.0087592,0.10565,1,0.0,4,H,750
0.0093844,0.11275,1,0.0,4,H,750
0.010264,0.11988,1,0.0,4,H,750
0.010901,0.12703,1,0.0,4,H,750
0.011623,0.13437,1,0.0,4,H,750
0.012413,0.14143,1,0.0,4,H,750
0.013049,0.14845,1,0.0,4,H,750
0.013705,0.15543,1,0.0,4,H,750
0.014618,0.16245,1,0.0,4,H,750
0.015307,0.16929,1,0.0,4,H,750
0.015857,0.17565,1,0.0,4,H,750
0.016696,0.18194,1,0.0,4,H,750
0.017381,0.188,1,0.0,4,H,750
0.017759,0.19372,1,0.0,4,H,750
0.018264,0.19918,1,0.0,4,H,750
0.018942,0.20434,1,0.0,4,H,750
0.01947,0.20906,1,0.0,4,H,750
0.020222,0.21357,1,0.0,4,H,750
0.020713,0.21782,1,0.0,4,H,750
0.021057,0.22143,1,0.0,4,H,750
0.021581,0.22477,1,0.0,4,H,750
0.021727,0.22803,1,0.0,4,H,750
0.022113,0.23099,1,0.0,4,H,750
0.022356,0.23375,1,0.0,4,H,750
0.022547,0.23636,1,0.0,4,H,750
0.023007,0.23869,1,0.0,4,H,750
0.023172,0.24092,1,0.0,4,H,750
0.023539,0.24316,1,0.0,4,H,750
0.02388,0.24508,1,0.0,4,H,750
0.02394,0.24701,1,0.0,4,H,750
0.024213,0.24884,1,0.0,4,H,750
0.024374,0.25027,1,0.0,4,H,750
0.02461,0.2518,1,0.0,4,H,750
0.025014,0.25341,1,0.0,4,H,750
0.024939,0.2548,1,0.0,4,H,750
0.025055,0.25579,1,0.0,4,H,750
0.025377,0.25694,1,0.0,4,H,750
0.025392,0.25797,1,0.0,4,H,750
0.025534,0.25878,1,0.0,4,H,750
0.025707,0.25979,1,0.0,4,H,750
0.025871,0.26056,1,0.0,4,H,750
0.026163,0.2615,1,0.0,4,H,750
0.026305,0.26225,1,0.0,4,H,750
0.026362,0.26307,1,0.0,4,H,750
0.026684,0.26421,1,0.0,4,H,750
0.026852,0.26497,1,0.0,4,H,750
0.026837,0.26569,1,0.0,4,H,750
0.027047,0.26664,1,0.0,4,H,750
0.027283,0.26755,1,0.0,4,H,750
0.027316,0.26798,1,0.0,4,H,750
0.027399,0.26822,1,0.0,4,H,750
0.027597,0.2685,1,0.0,4,H,750
0.027414,0.26852,1,0.0,4,H,750
0.027642,0.26839,1,0.0,4,H,750
0.027822,0.26825,1,0.0,4,H,750
0.02747,0.26789,1,0.0,4,H,750
0.027649,0.26746,1,0.0,4,H,750
0.02759,0.26662,1,0.0,4,H,750
0.027455,0.2654,1,0.0,4,H,750
0.027485,0.26445,1,0.0,4,H,750
0.027271,0.26303,1,0.0,4,H,750
0.027208,0.26117,1,0.0,4,H,750
0.027107,0.25911,1,0.0,4,H,750
0.02686,0.25684,1,0.0,4,H,750
0.026541,0.25446,1,0.0,4,H,750
0.026373,0.2517,1,0.0,4,H,750
0.025972,0.24888,1,0.0,4,H,750
0.025504,0.24563,1,0.0,4,H,750
0.02534,0.24249,1,0.0,4,H,750
0.024872,0.23926,1,0.0,4,H,750
0.02458,0.23548,1,0.0,4,H,750
0.024258,0.23186,1,0.0,4,H,750
0.023468,0.22767,1,0.0,4,H,750
0.023049,0.22326,1,0.0,4,H,750
0.022644,0.21863,1,0.0,4,H,750
0.022083,0.21374,1,0.0,4,H,750
0.02163,0.20869,1,0.0,4,H,750
0.021031,0.20307,1,0.0,4,H,750
0.020499,0.19755,1,0.0,4,H,750
0.019837,0.19176,1,0.0,4,H,750
0.019088,0.18563,1,0.0,4,H,750
0.018466,0.17943,1,0.0,4,H,750
0.017658,0.17319,1,0.0,4,H,750
0.016961,0.16684,1,0.0,4,H,750
0.016501,0.16025,1,0.0,4,H,750
0.015692,0.15354,1,0.0,4,H,750
0.014921,0.14684,1,0.0,4,H,750
0.014326,0.14023,1,0.0,4,H,750
0.013401,0.13335,1,0.0,4,H,750
0.012814,0.12658,1,0.0,4,H,750
0.012259,0.11993,1,0.0,4,H,750
0.01144,0.11334,1,0.0,4,H,750
0.010859,0.10674,1,0.0,4,H,750
0.010028,0.10007,1,0.0,4,H,750
0.0095154,0.093889,1,0.0,4,H,750
0.0090175,0.087634,1,0.0,4,H,750
0.0080217,0.081322,1,0.0,4,H,750
0.0075276,0.075115,1,0.0,4,H,750
0.0068762,0.068994,1,0.0,4,H,750
0.006221,0.063146,1,0.0,4,H,750
0.0057905,0.057122,1,0.0,4,H,750
0.0049894,0.051263,1,0.0,4,H,750
0.0044466,0.04556,1,0.0,4,H,750
0.0039262,0.039794,1,0.0,4,H,750
0.0032711,0.034278,1,0.0,4,H,750
0.0027357,0.028774,1,0.0,4,H,750
0.0023277,0.02318,1,0.0,4,H,750
0.0019047,0.017832,1,0.0,4,H,750
0.0013057,0.012627,1,0.0,4,H,750
0.00074415,0.007283,1,0.0,4,H,750
0.00026123,0.0020251,1,0.0,4,H,750
-0.00015806,-0.0033074,1,0.0,4,H,750
-0.00065596,-0.0087484,1,0.0,4,H,750
-0.00121,-0.014215,1,0.0,4,H,750
-0.0018539,-0.019903,1,0.0,4,H,750
-0.0022994,-0.025385,1,0.0,4,H,750
-0.0027187,-0.030856,1,0.0,4,H,750
-0.0034,-0.036469,1,0.0,4,H,750
-0.003868,-0.042153,1,0.0,4,H,750
-0.0045194,-0.048031,1,0.0,4,H,750
-0.005313,-0.05389,1,0.0,4,H,750
-0.0058633,-0.059985,1,0.0,4,H,750
-0.0063088,-0.066091,1,0.0,4,H,750
-0.0068666,-0.072156,1,0.0,4,H,750
-0.007679,-0.078483,1,0.0,4,H,750
-0.0083491,-0.084981,1,0.0,4,H,750
-0.0088844,-0.091809,1,0.0,4,H,750
-0.0096069,-0.09861,1,0.0,4,H,750
-0.010442,-0.10547,1,0.0,4,H,750
-0.011142,-0.11277,1,0.0,4,H,750
-0.011711,-0.11996,1,0.0,4,H,750
-0.012531,-0.12697,1,0.0,4,H,750
-0.013568,-0.13425,1,0.0,4,H,750
-0.014152,-0.14158,1,0.0,4,H,750
-0.014717,-0.14867,1,0.0,4,H,750
-0.015559,-0.1558,1,0.0,4,H,750
-0.016259,-0.16277,1,0.0,4,H,750
-0.017109,-0.16937,1,0.0,4,H,750
-0.017742,-0.17611,1,0.0,4,H,750
-0.018333,-0.1826,1,0.0,4,H,750
-0.019041,-0.1886,1,0.0,4,H,750
-0.019625,-0.19453,1,0.0,4,H,750
-0.020239,-0.20003,1,0.0,4,H,750
-0.0208,-0.20519,1,0.0,4,H,750
-0.021455,-0.21024,1,0.0,4,H,750
-0.022054,-0.21482,1,0.0,4,H,750
-0.0225,-0.21894,1,0.0,4,H,750
-0.022822,-0.22254,1,0.0,4,H,750
-0.023196,-0.22591,1,0.0,4,H,750
-0.023638,-0.22928,1,0.0,4,H,750
-0.023937,-0.2322,1,0.0,4,H,750
-0.024226,-0.23491,1,0.0,4,H,750
-0.024544,-0.23758,1,0.0,4,H,750
-0.024802,-0.23991,1,0.0,4,H,750
-0.024956,-0.24213,1,0.0,4,H,750
-0.025173,-0.24411,1,0.0,4,H,750
-0.025543,-0.24614,1,0.0,4,H,750
-0.025862,-0.24813,1,0.0,4,H,750
-0.026068,-0.24974,1,0.0,4,H,750
-0.026296,-0.25145,1,0.0,4,H,750
-0.026464,-0.25292,1,0.0,4,H,750
-0.026599,-0.2542,1,0.0,4,H,750
-0.026835,-0.25546,1,0.0,4,H,750
-0.027093,-0.25664,1,0.0,4,H,750
-0.027269,-0.25787,1,0.0,4,H,750
-0.027284,-0.25876,1,0.0,4,H,750
-0.027374,-0.25964,1,0.0,4,H,750
-0.027629,-0.2606,1,0.0,4,H,750
-0.027681,-0.26153,1,0.0,4,H,750
-0.027748,-0.26244,1,0.0,4,H,750
-0.028141,-0.26315,1,0.0,4,H,750
-0.02843,-0.26406,1,0.0,4,H,750
-0.028415,-0.26504,1,0.0,4,H,750
-0.028531,-0.26581,1,0.0,4,H,750
-0.028744,-0.26662,1,0.0,4,H,750
-0.028793,-0.26733,1,0.0,4,H,750
-0.028894,-0.26801,1,0.0,4,H,750
-0.029025,-0.26878,1,0.0,4,H,750
-0.029223,-0.26913,1,0.0,4,H,750
-0.029384,-0.26912,1,0.0,4,H,750
-0.029384,-0.26922,1,0.0,4,H,750
-0.029351,-0.26912,1,0.0,4,H,750
-0.029276,-0.26869,1,0.0,4,H,750
-0.02928,-0.26827,1,0.0,4,H,750
-0.029343,-0.26761,1,0.0,4,H,750
-0.029317,-0.26675,1,0.0,4,H,750
-0.029156,-0.26583,1,0.0,4,H,750
-0.029193,-0.26445,1,0.0,4,H,750
-0.02925,-0.26298,1,0.0,4,H,750
-0.028819,-0.26131,1,0.0,4,H,750
-0.028583,-0.25909,1,0.0,4,H,750
-0.02849,-0.2569,1,0.0,4,H,750
-0.028127,-0.25446,1,0.0,4,H,750
-0.027973,-0.25173,1,0.0,4,H,750
-0.027629,-0.24886,1,0.0,4,H,750
-0.027236,-0.24563,1,0.0,4,H,750
-0.027003,-0.24234,1,0.0,4,H,750
-0.026434,-0.23888,1,0.0,4,H,750
-0.02612,-0.23529,1,0.0,4,H,750
-0.025764,-0.23153,1,0.0,4,H,750
-0.025169,-0.22742,1,0.0,4,H,750
-0.024903,-0.22313,1,0.0,4,H,750
-0.024301,-0.21856,1,0.0,4,H,750
-0.023642,-0.21355,1,0.0,4,H,750
-0.023181,-0.20837,1,0.0,4,H,750
-0.022541,-0.20296,1,0.0,4,H,750
-0.022107,-0.1973,1,0.0,4,H,750
-0.021504,-0.19157,1,0.0,4,H,750
-0.020774,-0.18552,1,0.0,4,H,750
-0.020082,-0.17923,1,0.0,4,H,750
-0.019359,-0.173,1,0.0,4,H,750
-0.018835,-0.16668,1,0.0,4,H,750
-0.01797,-0.16008,1,0.0,4,H,750
-0.017233,-0.15345,1,0.0,4,H,750
-0.016746,-0.14674,1,0.0,4,H,750
-0.015919,-0.13999,1,0.0,4,H,750
-0.015207,-0.13319,1,0.0,4,H,750
-0.01441,-0.12639,1,0.0,4,H,750
-0.013729,-0.11974,1,0.0,4,H,750
-0.013205,-0.11312,1,0.0,4,H,750
-0.012396,-0.10667,1,0.0,4,H,750
-0.011804,-0.10018,1,0.0,4,H,750
-0.011194,-0.093655,1,0.0,4,H,750
-0.010378,-0.087291,1,0.0,4,H,750
-0.0097829,-0.081214,1,0.0,4,H,750
-0.0093411,-0.075176,1,0.0,4,H,750
-0.0087347,-0.069028,1,0.0,4,H,750
-0.0081319,-0.063064,1,0.0,4,H,750
-0.0074132,-0.057201,1,0.0,4,H,750
-0.0067169,-0.051401,1,0.0,4,H,750
-0.0062564,-0.045658,1,0.0,4,H,750
-0.0056125,-0.040026,1,0.0,4,H,750
-0.0051108,-0.034391,1,0.0,4,H,750
-0.0045418,-0.028801,1,0.0,4,H,750
-0.0040065,-0.023446,1,0.0,4,H,750
-0.0035198,-0.018139,1,0.0,4,H,750
-0.0028497,-0.012691,1,0.0,4,H,750
-0.0025652,-0.0075002,1,0.0,4,H,750
-0.0020448,-0.0023246,1,0.0,4,H,750
-0.001356,0.0030042,1,0.0,4,H,750
-0.00089929,0.0082209,1,0.0,4,H,750
-0.0003939,0.013834,1,0.0,4,H,750
0.00014518,0.019263,1,0.0,4,H,750
0.00072918,0.024615,1,0.0,4,H,750
0.0012046,0.030287,1,0.0,4,H,750
0.0018335,0.03587,1,0.0,4,H,750
0.00247,0.041577,1,0.0,4,H,750
0.0029005,0.047238,1,0.0,4,H,750
0.0033198,0.053064,1,0.0,4,H,750
0.0039187,0.05914,1,0.0,4,H,750
0.0045888,0.065194,1,0.0,4,H,750
0.005083,0.0713,1,0.0,4,H,750
0.0060002,0.077783,1,0.0,4,H,750
0.0068313,0.08436,1,0.0,4,H,750
0.0071869,0.09081,1,0.0,4,H,750
0.0078832,0.097746,1,0.0,4,H,750
0.0086768,0.1047,1,0.0,4,H,750
0.0093732,0.11153,1,0.0,4,H,750
0.010028,0.11868,1,0.0,4,H,750
0.010848,0.12574,1,0.0,4,H,750
0.011728,0.13283,1,0.0,4,H,750
0.012293,0.1401,1,0.0,4,H,750
0.012997,0.14717,1,0.0,4,H,750
0.013865,0.154,1,0.0,4,H,750
0.014588,0.16077,1,0.0,4,H,750
0.015232,0.16757,1,0.0,4,H,750
0.015734,0.17404,1,0.0,4,H,750
0.016291,0.18036,1,0.0,4,H,750
0.017152,0.18652,1,0.0,4,H,750
0.017793,0.19223,1,0.0,4,H,750
0.018152,0.19775,1,0.0,4,H,750
0.018725,0.20292,1,0.0,4,H,750
0.019492,0.20786,1,0.0,4,H,750
0.020151,0.21249,1,0.0,4,H,750
0.020492,0.21646,1,0.0,4,H,750
0.020855,0.22016,1,0.0,4,H,750
0.021338,0.22361,1,0.0,4,H,750
0.021716,0.2266,1,0.0,4,H,750
0.022008,0.22964,1,0.0,4,H,750
0.022341,0.23254,1,0.0,4,H,750
0.022607,0.23495,1,0.0,4,H,750
0.022805,0.2374,1,0.0,4,H,750
0.023198,0.23969,1,0.0,4,H,750
0.023314,0.24167,1,0.0,4,H,750
0.023588,0.24366,1,0.0,4,H,750
0.023958,0.24545,1,0.0,4,H,750
0.023943,0.24718,1,0.0,4,H,750
0.024299,0.24872,1,0.0,4,H,750
0.024509,0.25002,1,0.0,4,H,750
0.024744,0.25148,1,0.0,4,H,750
0.024973,0.25276,1,0.0,4,H,750
0.024902,0.25402,1,0.0,4,H,750
0.025291,0.25521,1,0.0,4,H,750
0.025385,0.25608,1,0.0,4,H,750
0.025407,0.2572,1,0.0,4,H,750
0.025695,0.25802,1,0.0,4,H,750
0.025755,0.25878,1,0.0,4,H,750
0.025969,0.25993,1,0.0,4,H,750
0.026186,0.26077,1,0.0,4,H,750
0.026238,0.26166,1,0.0,4,H,750
0.026414,0.26248,1,0.0,4,H,750
0.026624,0.26328,1,0.0,4,H,750
0.02674,0.26418,1,0.0,4,H,750
0.026983,0.26494,1,0.0,4,H,750
0.027095,0.26573,1,0.0,4,H,750
0.027185,0.26631,1,0.0,4,H,750
0.02738,0.26678,1,0.0,4,H,750
0.027417,0.26708,1,0.0,4,H,750
0.027384,0.26723,1,0.0,4,H,750
0.027305,0.26722,1,0.0,4,H,750
0.027327,0.26681,1,0.0,4,H,750
0.027372,0.26631,1,0.0,4,H,750
0.02744,0.26565,1,0.0,4,H,750
0.027511,0.26488,1,0.0,4,H,750
0.027466,0.26403,1,0.0,4,H,750
0.027283,0.26275,1,0.0,4,H,750
0.027069,0.26125,1,0.0,4,H,750
0.026897,0.2595,1,0.0,4,H,750
0.026773,0.25742,1,0.0,4,H,750
0.026639,0.25536,1,0.0,4,H,750
0.026189,0.25299,1,0.0,4,H,750
0.025972,0.25008,1,0.0,4,H,750
0.025879,0.2472,1,0.0,4,H,750
0.025512,0.2443,1,0.0,4,H,750
0.02507,0.24086,1,0.0,4,H,750
0.024632,0.23749,1,0.0,4,H,750
0.024486,0.23414,1,0.0,4,H,750
0.023977,0.23023,1,0.0,4,H,750
0.023348,0.22626,1,0.0,4,H,750
0.023123,0.22187,1,0.0,4,H,750
0.022611,0.21725,1,0.0,4,H,750
0.02197,0.21265,1,0.0,4,H,750
0.021484,0.2076,1,0.0,4,H,750
0.021012,0.20229,1,0.0,4,H,750
0.020387,0.19661,1,0.0,4,H,750
0.019679,0.19089,1,0.0,4,H,750
0.019062,0.18483,1,0.0,4,H,750
0.018478,0.17863,1,0.0,4,H,750
0.017778,0.17264,1,0.0,4,H,750
0.01692,0.16613,1,0.0,4,H,750
0.016187,0.1596,1,0.0,4,H,750
0.015543,0.15286,1,0.0,4,H,750
0.014921,0.14628,1,0.0,4,H,750
0.014202,0.13994,1,0.0,4,H,750
0.013484,0.13294,1,0.0,4,H,750
0.012855,0.12609,1,0.0,4,H,750
0.011994,0.11936,1,0.0,4,H,750
0.011297,0.11281,1,0.0,4,H,750
0.010758,0.10621,1,0.0,4,H,750
0.010013,0.099499,1,0.0,4,H,750
0.0094181,0.093179,1,0.0,4,H,750
0.0088154,0.086744,1,0.0,4,H,750
0.0081827,0.08065,1,0.0,4,H,750
0.0076436,0.074607,1,0.0,4,H,750
0.0068912,0.068467,1,0.0,4,H,750
0.0061911,0.062511,1,0.0,4,H,750
0.0056221,0.056434,1,0.0,4,H,750
0.0050568,0.050631,1,0.0,4,H,750
0.0044616,0.044876,1,0.0,4,H,750
0.0039187,0.039174,1,0.0,4,H,750
0.0034208,0.033639,1,0.0,4,H,750
0.002747,0.028139,1,0.0,4,H,750
0.0023876,0.022754,1,0.0,4,H,750
0.0018822,0.017287,1,0.0,4,H,750
0.001287,0.011973,1,0.0,4,H,750
0.00079282,0.0068046,1,0.0,4,H,750
2.1637e-05,0.0015281,1,0.0,4,H,750
-0.00033026,-0.0038007,1,0.0,4,H,750
-0.00079073,-0.0091706,1,0.0,4,H,750
-0.0013485,-0.014582,1,0.0,4,H,750
-0.0018015,-0.019981,1,0.0,4,H,750
-0.0024042,-0.025553,1,0.0,4,H,750
-0.0027861,-0.031177,1,0.0,4,H,750
-0.0034749,-0.036656,1,0.0,4,H,750
-0.0040888,-0.04247,1,0.0,4,H,750
-0.0046616,-0.048311,1,0.0,4,H,750
-0.0052756,-0.054103,1,0.0,4,H,750
-0.0056499,-0.060123,1,0.0,4,H,750
-0.0063537,-0.066188,1,0.0,4,H,750
-0.0069901,-0.072537,1,0.0,4,H,750
-0.0075592,-0.078879,1,0.0,4,H,750
-0.0083079,-0.08525,1,0.0,4,H,750
-0.0090491,-0.091902,1,0.0,4,H,750
-0.009693,-0.098673,1,0.0,4,H,750
-0.010326,-0.10567,1,0.0,4,H,750
-0.010985,-0.11269,1,0.0,4,H,750
-0.011808,-0.11972,1,0.0,4,H,750
-0.012755,-0.12692,1,0.0,4,H,750
-0.013358,-0.13411,1,0.0,4,H,750
-0.014069,-0.14121,1,0.0,4,H,750
-0.014825,-0.14834,1,0.0,4,H,750
-0.015447,-0.15533,1,0.0,4,H,750
-0.016338,-0.16222,1,0.0,4,H,750
-0.017124,-0.16913,1,0.0,4,H,750
-0.017622,-0.17578,1,0.0,4,H,750
-0.018262,-0.18211,1,0.0,4,H,750
-0.019071,-0.18827,1,0.0,4,H,750
-0.019621,-0.19407,1,0.0,4,H,750
-0.020085,-0.19945,1,0.0,4,H,750
-0.020688,-0.20475,1,0.0,4,H,750
-0.021425,-0.20983,1,0.0,4,H,750
-0.022066,-0.21436,1,0.0,4,H,750
-0.022429,-0.21847,1,0.0,4,H,750
-0.022754,-0.22225,1,0.0,4,H,750
-0.023133,-0.22577,1,0.0,4,H,750
-0.02366,-0.22901,1,0.0,4,H,750
-0.023934,-0.23179,1,0.0,4,H,750
-0.024181,-0.23452,1,0.0,4,H,750
-0.024521,-0.23705,1,0.0,4,H,750
-0.024626,-0.23941,1,0.0,4,H,750
-0.025008,-0.24169,1,0.0,4,H,750
-0.02527,-0.24351,1,0.0,4,H,750
-0.025506,-0.2455,1,0.0,4,H,750
-0.02585,-0.24735,1,0.0,4,H,750
-0.02591,-0.24911,1,0.0,4,H,750
-0.026109,-0.25082,1,0.0,4,H,750
-0.026352,-0.25208,1,0.0,4,H,750
-0.026569,-0.2535,1,0.0,4,H,750
-0.02679,-0.25463,1,0.0,4,H,750
-0.026899,-0.25562,1,0.0,4,H,750
-0.026992,-0.25694,1,0.0,4,H,750
-0.02709,-0.25811,1,0.0,4,H,750
-0.027262,-0.25892,1,0.0,4,H,750
-0.027486,-0.25986,1,0.0,4,H,750
-0.027659,-0.26091,1,0.0,4,H,750
-0.027741,-0.26176,1,0.0,4,H,750
-0.027793,-0.26278,1,0.0,4,H,750
-0.027966,-0.26364,1,0.0,4,H,750
-0.028336,-0.26439,1,0.0,4,H,750
-0.028624,-0.26524,1,0.0,4,H,750
-0.028617,-0.26613,1,0.0,4,H,750
-0.028789,-0.26703,1,0.0,4,H,750
-0.028928,-0.26762,1,0.0,4,H,750
-0.028969,-0.26818,1,0.0,4,H,750
-0.029208,-0.26864,1,0.0,4,H,750
-0.029186,-0.26905,1,0.0,4,H,750
-0.02919,-0.26915,1,0.0,4,H,750
-0.029396,-0.26883,1,0.0,4,H,750
-0.029347,-0.26855,1,0.0,4,H,750
-0.029227,-0.26798,1,0.0,4,H,750
-0.029283,-0.26721,1,0.0,4,H,750
-0.029272,-0.26642,1,0.0,4,H,750
-0.029152,-0.26541,1,0.0,4,H,750
-0.029115,-0.26409,1,0.0,4,H,750
-0.029089,-0.2626,1,0.0,4,H,750
-0.028823,-0.26078,1,0.0,4,H,750
-0.028471,-0.25875,1,0.0,4,H,750
-0.028359,-0.25668,1,0.0,4,H,750
-0.028261,-0.25415,1,0.0,4,H,750
-0.027917,-0.25141,1,0.0,4,H,750
-0.02746,-0.24859,1,0.0,4,H,750
-0.027157,-0.2453,1,0.0,4,H,750
-0.026827,-0.24193,1,0.0,4,H,750
-0.026461,-0.23858,1,0.0,4,H,750
-0.026187,-0.23493,1,0.0,4,H,750
-0.025772,-0.23121,1,0.0,4,H,750
-0.025251,-0.22714,1,0.0,4,H,750
-0.024716,-0.2228,1,0.0,4,H,750
-0.024271,-0.21842,1,0.0,4,H,750
-0.02393,-0.21355,1,0.0,4,H,750
-0.023335,-0.20855,1,0.0,4,H,750
-0.022601,-0.20325,1,0.0,4,H,750
-0.022039,-0.19743,1,0.0,4,H,750
-0.021396,-0.19164,1,0.0,4,H,750
-0.020662,-0.18576,1,0.0,4,H,750
-0.020119,-0.17966,1,0.0,4,H,750
-0.019512,-0.17331,1,0.0,4,H,750
-0.018711,-0.16677,1,0.0,4,H,750
-0.018094,-0.1603,1,0.0,4,H,750
-0.017382,-0.15385,1,0.0,4,H,750
-0.016641,-0.14705,1,0.0,4,H,750
-0.016072,-0.14021,1,0.0,4,H,750
-0.015222,-0.13366,1,0.0,4,H,750
-0.01453,-0.12694,1,0.0,4,H,750
-0.013792,-0.12013,1,0.0,4,H,750
-0.013029,-0.11336,1,0.0,4,H,750
-0.012508,-0.10661,1,0.0,4,H,750
-0.011801,-0.10017,1,0.0,4,H,750
-0.011161,-0.093718,1,0.0,4,H,750
-0.010502,-0.087343,1,0.0,4,H,750
-0.0098353,-0.08114,1,0.0,4,H,750
-0.0092026,-0.07485,1,0.0,4,H,750
-0.0084576,-0.068909,1,0.0,4,H,750
-0.0078624,-0.063053,1,0.0,4,H,750
-0.0073608,-0.057067,1,0.0,4,H,750
-0.006773,-0.051218,1,0.0,4,H,750
-0.0061328,-0.045497,1,0.0,4,H,750
-0.0054889,-0.039847,1,0.0,4,H,750
-0.0049574,-0.03423,1,0.0,4,H,750
-0.0046429,-0.028715,1,0.0,4,H,750
-0.0040102,-0.023311,1,0.0,4,H,750
-0.0033813,-0.017833,1,0.0,4,H,750
-0.0030743,-0.012474,1,0.0,4,H,750
-0.0024753,-0.0073134,1,0.0,4,H,750
-0.0018577,-0.0019584,1,0.0,4,H,750
-0.0014533,0.0032135,1,0.0,4,H,750
-0.00090303,0.0083554,1,0.0,4,H,750
-0.00031154,0.013886,1,0.0,4,H,750
7.0304e-05,0.019376,1,0.0,4,H,750
0.00069174,0.024757,1,0.0,4,H,750
0.0012832,0.030355,1,0.0,4,H,750
0.0015865,0.036046,1,0.0,4,H,750
0.002279,0.041603,1,0.0,4,H,750
0.0029828,0.047488,1,0.0,4,H,750
0.0034283,0.05352,1,0.0,4,H,750
0.0039412,0.059428,1,0.0,4,H,750
0.0045664,0.065612,1,0.0,4,H,750
0.005375,0.071838,1,0.0,4,H,750
0.0060788,0.078135,1,0.0,4,H,750
0.0066665,0.084839,1,0.0,4,H,750
0.0073029,0.091468,1,0.0,4,H,750
0.0078196,0.098142,1,0.0,4,H,750
0.0086357,0.10513,1,0.0,4,H,750
0.009493,0.1121,1,0.0,4,H,750
0.010114,0.11914,1,0.0,4,H,750
0.010983,0.1262,1,0.0,4,H,750
0.011642,0.13339,1,0.0,4,H,750
0.012297,0.14038,1,0.0,4,H,750
0.013143,0.14733,1,0.0,4,H,750
0.013727,0.15435,1,0.0,4,H,750
0.014483,0.16105,1,0.0,4,H,750
0.015254,0.16781,1,0.0,4,H,750
0.015782,0.17422,1,0.0,4,H,750
0.016587,0.18057,1,0.0,4,H,750
0.017268,0.18674,1,0.0,4,H,750
0.01774,0.19247,1,0.0,4,H,750
0.018343,0.19812,1,0.0,4,H,750
0.018773,0.20301,1,0.0,4,H,750
0.019451,0.20806,1,0.0,4,H,750
0.020136,0.21299,1,0.0,4,H,750
0.02054,0.21702,1,0.0,4,H,750
0.021031,0.22078,1,0.0,4,H,750
0.021364,0.22421,1,0.0,4,H,750
0.021723,0.22743,1,0.0,4,H,750
0.022094,0.23028,1,0.0,4,H,750
0.022378,0.2328,1,0.0,4,H,750
0.022693,0.23541,1,0.0,4,H,750
0.022925,0.23784,1,0.0,4,H,750
0.023307,0.23993,1,0.0,4,H,750
0.023599,0.24203,1,0.0,4,H,750
0.023644,0.24403,1,0.0,4,H,750
0.02391,0.24576,1,0.0,4,H,750
0.024213,0.2474,1,0.0,4,H,750
0.024217,0.2489,1,0.0,4,H,750
0.02431,0.25042,1,0.0,4,H,750
0.024763,0.25178,1,0.0,4,H,750
0.024913,0.25299,1,0.0,4,H,750
0.024924,0.25414,1,0.0,4,H,750
0.025276,0.25519,1,0.0,4,H,750
0.025332,0.25614,1,0.0,4,H,750
0.025471,0.25708,1,0.0,4,H,750
0.025602,0.25823,1,0.0,4,H,750
0.025527,0.2591,1,0.0,4,H,750
0.025856,0.25996,1,0.0,4,H,750
0.026126,0.26104,1,0.0,4,H,750
0.026298,0.26191,1,0.0,4,H,750
0.026448,0.26275,1,0.0,4,H,750
0.026601,0.2636,1,0.0,4,H,750
0.026807,0.2645,1,0.0,4,H,750
0.026987,0.26538,1,0.0,4,H,750
0.027152,0.26605,1,0.0,4,H,750
0.027234,0.26653,1,0.0,4,H,750
0.027354,0.2672,1,0.0,4,H,750
0.027395,0.26773,1,0.0,4,H,750
0.027575,0.26761,1,0.0,4,H,750
0.027616,0.26767,1,0.0,4,H,750
0.027545,0.26742,1,0.0,4,H,750
0.027548,0.26687,1,0.0,4,H,750
0.027541,0.26637,1,0.0,4,H,750
0.027556,0.26547,1,0.0,4,H,750
0.027211,0.26447,1,0.0,4,H,750
0.027241,0.26303,1,0.0,4,H,750
0.027372,0.26163,1,0.0,4,H,750
0.027024,0.26001,1,0.0,4,H,750
0.026953,0.25791,1,0.0,4,H,750
0.026848,0.25581,1,0.0,4,H,750
0.026399,0.25318,1,0.0,4,H,750
0.026058,0.25046,1,0.0,4,H,750
0.025845,0.24763,1,0.0,4,H,750
0.025493,0.24451,1,0.0,4,H,750
0.025051,0.24142,1,0.0,4,H,750
0.024681,0.23799,1,0.0,4,H,750
0.024303,0.23429,1,0.0,4,H,750
0.023947,0.2305,1,0.0,4,H,750
0.023457,0.22652,1,0.0,4,H,750
0.022962,0.22238,1,0.0,4,H,750
0.022723,0.2178,1,0.0,4,H,750
0.021993,0.21297,1,0.0,4,H,750
0.021353,0.20813,1,0.0,4,H,750
0.021087,0.20297,1,0.0,4,H,750
0.020282,0.19729,1,0.0,4,H,750
0.019604,0.19135,1,0.0,4,H,750
0.019144,0.1855,1,0.0,4,H,750
0.018515,0.17933,1,0.0,4,H,750
0.017871,0.17303,1,0.0,4,H,750
0.017242,0.1668,1,0.0,4,H,750
0.0164,0.16019,1,0.0,4,H,750
0.015674,0.15349,1,0.0,4,H,750
0.015168,0.14693,1,0.0,4,H,750
0.014303,0.14022,1,0.0,4,H,750
0.013596,0.13346,1,0.0,4,H,750
0.012885,0.12673,1,0.0,4,H,750
0.012054,0.11983,1,0.0,4,H,750
0.011406,0.11312,1,0.0,4,H,750
0.010814,0.10655,1,0.0,4,H,750
0.010129,0.099809,1,0.0,4,H,750
0.0092384,0.093265,1,0.0,4,H,750
0.0086619,0.086928,1,0.0,4,H,750
0.0081565,0.080754,1,0.0,4,H,750
0.0074003,0.074543,1,0.0,4,H,750
0.0067302,0.068393,1,0.0,4,H,750
0.0062997,0.062466,1,0.0,4,H,750
0.0057419,0.056442,1,0.0,4,H,750
0.0049557,0.050631,1,0.0,4,H,750
0.0043904,0.044914,1,0.0,4,H,750
0.0039262,0.039155,1,0.0,4,H,750
0.0034021,0.033576,1,0.0,4,H,750
0.0028368,0.028187,1,0.0,4,H,750
0.0022641,0.022828,1,0.0,4,H,750
0.0017063,0.017317,1,0.0,4,H,750
0.0012608,0.011894,1,0.0,4,H,750
0.0007479,0.006543,1,0.0,4,H,750
0.00012271,0.0011694,1,0.0,4,H,750
-0.00030406,-0.0041183,1,0.0,4,H,750
-0.00080944,-0.0093612,1,0.0,4,H,750
-0.0013485,-0.014843,1,0.0,4,H,750
-0.0019138,-0.020325,1,0.0,4,H,750
-0.0024604,-0.025923,1,0.0,4,H,750
-0.0029208,-0.031656,1,0.0,4,H,750
-0.0034225,-0.037231,1,0.0,4,H,750
-0.0037931,-0.043072,1,0.0,4,H,750
-0.0045867,-0.048924,1,0.0,4,H,750
-0.0053654,-0.054817,1,0.0,4,H,750
-0.0056724,-0.060867,1,0.0,4,H,750
-0.0063912,-0.067037,1,0.0,4,H,750
-0.0070912,-0.073464,1,0.0,4,H,750
-0.0077201,-0.079899,1,0.0,4,H,750
-0.0084988,-0.086439,1,0.0,4,H,750
-0.0089218,-0.093053,1,0.0,4,H,750
-0.0096556,-0.099663,1,0.0,4,H,750
-0.01049,-0.10669,1,0.0,4,H,750
-0.011183,-0.11387,1,0.0,4,H,750
-0.01204,-0.1207,1,0.0,4,H,750
-0.012624,-0.12797,1,0.0,4,H,750
-0.013384,-0.13543,1,0.0,4,H,750
-0.014227,-0.14237,1,0.0,4,H,750
-0.014994,-0.14933,1,0.0,4,H,750
-0.01575,-0.15637,1,0.0,4,H,750
-0.016222,-0.16325,1,0.0,4,H,750
-0.016903,-0.17002,1,0.0,4,H,750
-0.017644,-0.1765,1,0.0,4,H,750
-0.018363,-0.18268,1,0.0,4,H,750
-0.018921,-0.18883,1,0.0,4,H,750
-0.019415,-0.19489,1,0.0,4,H,750
-0.020276,-0.20057,1,0.0,4,H,750
-0.020804,-0.20571,1,0.0,4,H,750
-0.021309,-0.21074,1,0.0,4,H,750
-0.022084,-0.21563,1,0.0,4,H,750
-0.022534,-0.21973,1,0.0,4,H,750
-0.022848,-0.22338,1,0.0,4,H,750
-0.023402,-0.22687,1,0.0,4,H,750
-0.02384,-0.23013,1,0.0,4,H,750
-0.023945,-0.23298,1,0.0,4,H,750
-0.024259,-0.23566,1,0.0,4,H,750
-0.024581,-0.23818,1,0.0,4,H,750
-0.024888,-0.24033,1,0.0,4,H,750
-0.025207,-0.24278,1,0.0,4,H,750
-0.025364,-0.2449,1,0.0,4,H,750
-0.025577,-0.24655,1,0.0,4,H,750
-0.025768,-0.24862,1,0.0,4,H,750
-0.025993,-0.2504,1,0.0,4,H,750
-0.026288,-0.25168,1,0.0,4,H,750
-0.026449,-0.25306,1,0.0,4,H,750
-0.026562,-0.25446,1,0.0,4,H,750
-0.026839,-0.25564,1,0.0,4,H,750
-0.026887,-0.25667,1,0.0,4,H,750
-0.027018,-0.25765,1,0.0,4,H,750
-0.027322,-0.25872,1,0.0,4,H,750
-0.027426,-0.25973,1,0.0,4,H,750
-0.027614,-0.26066,1,0.0,4,H,750
-0.027666,-0.26172,1,0.0,4,H,750
-0.027726,-0.26267,1,0.0,4,H,750
-0.027932,-0.26372,1,0.0,4,H,750
-0.028194,-0.2647,1,0.0,4,H,750
-0.028344,-0.26558,1,0.0,4,H,750
-0.028579,-0.26643,1,0.0,4,H,750
-0.028886,-0.26715,1,0.0,4,H,750
-0.028815,-0.26799,1,0.0,4,H,750
-0.028999,-0.26872,1,0.0,4,H,750
-0.029175,-0.26921,1,0.0,4,H,750
-0.02925,-0.26964,1,0.0,4,H,750
-0.029433,-0.26982,1,0.0,4,H,750
-0.029429,-0.2699,1,0.0,4,H,750
-0.029587,-0.27009,1,0.0,4,H,750
-0.029538,-0.26971,1,0.0,4,H,750
-0.029482,-0.26915,1,0.0,4,H,750
-0.029654,-0.26858,1,0.0,4,H,750
-0.029519,-0.26758,1,0.0,4,H,750
-0.029369,-0.26645,1,0.0,4,H,750
-0.029208,-0.26498,1,0.0,4,H,750
-0.029055,-0.26352,1,0.0,4,H,750
-0.028827,-0.26168,1,0.0,4,H,750
-0.028478,-0.25942,1,0.0,4,H,750
-0.028471,-0.25737,1,0.0,4,H,750
-0.028265,-0.25495,1,0.0,4,H,750
-0.027966,-0.25205,1,0.0,4,H,750
-0.027842,-0.24912,1,0.0,4,H,750
-0.027363,-0.2461,1,0.0,4,H,750
-0.026921,-0.24275,1,0.0,4,H,750
-0.026588,-0.23925,1,0.0,4,H,750
-0.026109,-0.23548,1,0.0,4,H,750
-0.025663,-0.23146,1,0.0,4,H,750
-0.025218,-0.22738,1,0.0,4,H,750
-0.024724,-0.22318,1,0.0,4,H,750
-0.024237,-0.2188,1,0.0,4,H,750
-0.023814,-0.21404,1,0.0,4,H,750
-0.023267,-0.20887,1,0.0,4,H,750
-0.022601,-0.20349,1,0.0,4,H,750
-0.022066,-0.198,1,0.0,4,H,750
-0.021497,-0.19229,1,0.0,4,H,750
-0.020804,-0.18623,1,0.0,4,H,750
-0.020153,-0.18014,1,0.0,4,H,750
-0.019381,-0.17381,1,0.0,4,H,750
-0.018753,-0.16726,1,0.0,4,H,750
-0.018161,-0.16082,1,0.0,4,H,750
-0.017375,-0.1542,1,0.0,4,H,750
-0.016768,-0.14752,1,0.0,4,H,750
-0.01596,-0.14068,1,0.0,4,H,750
-0.015278,-0.13393,1,0.0,4,H,750
-0.014653,-0.12718,1,0.0,4,H,750
-0.01374,-0.12029,1,0.0,4,H,750
-0.013208,-0.11358,1,0.0,4,H,750
-0.012564,-0.10688,1,0.0,4,H,750
-0.011767,-0.1004,1,0.0,4,H,750
-0.011093,-0.093912,1,0.0,4,H,750
-0.010356,-0.087507,1,0.0,4,H,750
-0.0097454,-0.081315,1,0.0,4,H,750
-0.0092251,-0.075161,1,0.0,4,H,750
-0.0087534,-0.068984,1,0.0,4,H,750
-0.0079597,-0.062937,1,0.0,4,H,750
-0.0071885,-0.057294,1,0.0,4,H,750
-0.0067693,-0.05139,1,0.0,4,H,750
-0.006174,-0.045647,1,0.0,4,H,750
-0.0055376,-0.040108,1,0.0,4,H,750
-0.005021,-0.034376,1,0.0,4,H,750
-0.0044969,-0.028939,1,0.0,4,H,750
-0.0038979,-0.023371,1,0.0,4,H,750
-0.0034861,-0.018016,1,0.0,4,H,750
-0.0029583,-0.012702,1,0.0,4,H,750
-0.0023518,-0.0071938,1,0.0,4,H,750
-0.0020823,-0.0020294,1,0.0,4,H,750
-0.0015095,0.0033106,1,0.0,4,H,750
-0.00098539,0.0085722,1,0.0,4,H,750
-0.00044257,0.014017,1,0.0,4,H,750
0.0002163,0.019704,1,0.0,4,H,750
0.00056072,0.025086,1,0.0,4,H,750
0.0010961,0.030702,1,0.0,4,H,750
0.0016389,0.036479,1,0.0,4,H,750
0.0023502,0.042238,1,0.0,4,H,750
0.0030315,0.04803,1,0.0,4,H,750
0.0034957,0.054095,1,0.0,4,H,750
0.0042332,0.060272,1,0.0,4,H,750
0.0048097,0.066438,1,0.0,4,H,750
0.00539,0.072839,1,0.0,4,H,750
0.0060264,0.079173,1,0.0,4,H,750
0.0067002,0.08575,1,0.0,4,H,750
0.0074752,0.092436,1,0.0,4,H,750
0.0079356,0.099226,1,0.0,4,H,750
0.0086656,0.10623,1,0.0,4,H,750
0.0095004,0.11315,1,0.0,4,H,750
0.010118,0.12025,1,0.0,4,H,750
0.010927,0.12721,1,0.0,4,H,750
0.01175,0.13437,1,0.0,4,H,750
0.012488,0.1417,1,0.0,4,H,750
0.013072,0.1485,1,0.0,4,H,750
0.013757,0.1554,1,0.0,4,H,750
0.014618,0.16219,1,0.0,4,H,750
0.015303,0.16875,1,0.0,4,H,750
0.015906,0.17525,1,0.0,4,H,750
0.016561,0.18143,1,0.0,4,H,750
0.017257,0.18744,1,0.0,4,H,750
0.017856,0.19327,1,0.0,4,H,750
0.018317,0.1989,1,0.0,4,H,750
0.018927,0.20421,1,0.0,4,H,750
0.019646,0.20916,1,0.0,4,H,750
0.020158,0.21389,1,0.0,4,H,750
0.02057,0.21814,1,0.0,4,H,750
0.021121,0.22188,1,0.0,4,H,750
0.021529,0.22543,1,0.0,4,H,750
0.021727,0.22867,1,0.0,4,H,750
0.02221,0.23152,1,0.0,4,H,750
0.02264,0.23425,1,0.0,4,H,750
0.022869,0.23666,1,0.0,4,H,750
0.023082,0.23906,1,0.0,4,H,750
0.023254,0.24149,1,0.0,4,H,750
0.023561,0.24338,1,0.0,4,H,750
0.023737,0.24531,1,0.0,4,H,750
0.02391,0.24714,1,0.0,4,H,750
0.024291,0.24876,1,0.0,4,H,750
0.02455,0.25043,1,0.0,4,H,750
0.024621,0.25174,1,0.0,4,H,750
0.024692,0.25304,1,0.0,4,H,750
0.024913,0.25423,1,0.0,4,H,750
0.025152,0.25531,1,0.0,4,H,750
0.025302,0.25631,1,0.0,4,H,750
0.025482,0.25705,1,0.0,4,H,750
0.025583,0.25824,1,0.0,4,H,750
0.025729,0.25932,1,0.0,4,H,750
0.026013,0.26017,1,0.0,4,H,750
0.026231,0.26125,1,0.0,4,H,750
0.026309,0.26216,1,0.0,4,H,750
0.026377,0.26316,1,0.0,4,H,750
0.026601,0.26411,1,0.0,4,H,750
0.026665,0.26477,1,0.0,4,H,750
0.026878,0.26564,1,0.0,4,H,750
0.027219,0.26649,1,0.0,4,H,750
0.027137,0.26707,1,0.0,4,H,750
0.027305,0.26776,1,0.0,4,H,750
0.027646,0.26834,1,0.0,4,H,750
0.02753,0.26872,1,0.0,4,H,750
0.027515,0.26884,1,0.0,4,H,750
0.027795,0.26878,1,0.0,4,H,750
0.027855,0.26867,1,0.0,4,H,750
0.02781,0.26831,1,0.0,4,H,750
0.027661,0.26782,1,0.0,4,H,750
0.027623,0.26672,1,0.0,4,H,750
0.027612,0.26553,1,0.0,4,H,750
0.02738,0.26449,1,0.0,4,H,750
0.02741,0.26283,1,0.0,4,H,750
0.027204,0.26105,1,0.0,4,H,750
0.026942,0.25901,1,0.0,4,H,750
0.026893,0.25667,1,0.0,4,H,750
0.026586,0.25409,1,0.0,4,H,750
0.026238,0.25131,1,0.0,4,H,750
0.025871,0.24857,1,0.0,4,H,750
0.025568,0.2454,1,0.0,4,H,750
0.025283,0.24212,1,0.0,4,H,750
0.024782,0.23861,1,0.0,4,H,750
0.024415,0.23479,1,0.0,4,H,750
0.024228,0.23087,1,0.0,4,H,750
0.023648,0.22671,1,0.0,4,H,750
0.023142,0.22242,1,0.0,4,H,750
0.022663,0.21794,1,0.0,4,H,750
0.021978,0.21339,1,0.0,4,H,750
0.021618,0.20834,1,0.0,4,H,750
0.020971,0.20307,1,0.0,4,H,750
0.020353,0.19775,1,0.0,4,H,750
0.019866,0.19182,1,0.0,4,H,750
0.019148,0.18592,1,0.0,4,H,750
0.018552,0.17991,1,0.0,4,H,750
0.017826,0.17346,1,0.0,4,H,750
0.017231,0.16704,1,0.0,4,H,750
0.016542,0.16063,1,0.0,4,H,750
0.015793,0.15408,1,0.0,4,H,750
0.015179,0.14738,1,0.0,4,H,750
0.014461,0.14066,1,0.0,4,H,750
0.013671,0.13385,1,0.0,4,H,750
0.012709,0.12706,1,0.0,4,H,750
0.012162,0.12025,1,0.0,4,H,750
0.011563,0.11334,1,0.0,4,H,750
0.010743,0.1067,1,0.0,4,H,750
0.010156,0.10006,1,0.0,4,H,750
0.0093844,0.093478,1,0.0,4,H,750
0.0086843,0.087081,1,0.0,4,H,750
0.0080704,0.080732,1,0.0,4,H,750
0.0074752,0.074502,1,0.0,4,H,750
0.0068799,0.068422,1,0.0,4,H,750
0.0062622,0.062488,1,0.0,4,H,750
0.0056483,0.056603,1,0.0,4,H,750
0.0050268,0.050784,1,0.0,4,H,750
0.004484,0.045003,1,0.0,4,H,750
0.0037615,0.03945,1,0.0,4,H,750
0.0032224,0.033897,1,0.0,4,H,750
0.0027657,0.028333,1,0.0,4,H,750
0.0022603,0.022974,1,0.0,4,H,750
0.0018672,0.017388,1,0.0,4,H,750
0.0012832,0.011958,1,0.0,4,H,750
0.00084523,0.0067486,1,0.0,4,H,750
0.00039225,0.0013226,1,0.0,4,H,750
-0.00021795,-0.0040959,1,0.0,4,H,750
-0.00078698,-0.0094546,1,0.0,4,H,750
-0.0013373,-0.014974,1,0.0,4,H,750
-0.0018726,-0.020471,1,0.0,4,H,750
-0.002378,-0.025897,1,0.0,4,H,750
-0.0029059,-0.031443,1,0.0,4,H,750
-0.0036845,-0.037082,1,0.0,4,H,750
-0.0041862,-0.043079,1,0.0,4,H,750
-0.0045568,-0.049028,1,0.0,4,H,750
-0.0052044,-0.054813,1,0.0,4,H,750
-0.0057772,-0.060964,1,0.0,4,H,750
-0.0065409,-0.067212,1,0.0,4,H,750
-0.007211,-0.073643,1,0.0,4,H,750
-0.0077426,-0.080153,1,0.0,4,H,750
-0.0084689,-0.086752,1,0.0,4,H,750
-0.0091315,-0.093415,1,0.0,4,H,750
-0.009869,-0.10004,1,0.0,4,H,750
-0.010535,-0.10712,1,0.0,4,H,750
-0.011161,-0.11411,1,0.0,4,H,750
-0.012108,-0.12122,1,0.0,4,H,750
-0.012875,-0.1284,1,0.0,4,H,750
-0.013358,-0.13538,1,0.0,4,H,750
-0.014107,-0.1426,1,0.0,4,H,750
-0.014975,-0.1496,1,0.0,4,H,750
-0.015638,-0.1566,1,0.0,4,H,750
-0.016282,-0.16334,1,0.0,4,H,750
-0.017075,-0.17005,1,0.0,4,H,750
-0.017809,-0.17663,1,0.0,4,H,750
-0.018457,-0.18269,1,0.0,4,H,750
-0.01906,-0.18893,1,0.0,4,H,750
-0.0194,-0.19461,1,0.0,4,H,750
-0.020179,-0.20004,1,0.0,4,H,750
-0.020943,-0.2055,1,0.0,4,H,750
-0.021362,-0.21051,1,0.0,4,H,750
-0.022178,-0.21538,1,0.0,4,H,750
-0.022436,-0.21958,1,0.0,4,H,750
-0.022897,-0.22351,1,0.0,4,H,750
-0.023481,-0.2271,1,0.0,4,H,750
-0.023582,-0.23009,1,0.0,4,H,750
-0.024106,-0.23307,1,0.0,4,H,750
-0.024207,-0.23572,1,0.0,4,H,750
-0.024428,-0.2383,1,0.0,4,H,750
-0.024948,-0.24072,1,0.0,4,H,750
-0.025132,-0.24271,1,0.0,4,H,750
-0.025278,-0.2448,1,0.0,4,H,750
-0.02539,-0.24678,1,0.0,4,H,750
-0.025723,-0.24858,1,0.0,4,H,750
-0.025929,-0.25026,1,0.0,4,H,750
-0.026124,-0.2517,1,0.0,4,H,750
-0.026498,-0.25307,1,0.0,4,H,750
-0.026633,-0.25415,1,0.0,4,H,750
-0.026741,-0.2552,1,0.0,4,H,750
-0.026899,-0.25646,1,0.0,4,H,750
-0.027052,-0.25728,1,0.0,4,H,750
-0.027194,-0.25803,1,0.0,4,H,750
-0.027389,-0.25903,1,0.0,4,H,750
-0.027565,-0.26004,1,0.0,4,H,750
-0.027681,-0.26097,1,0.0,4,H,750
-0.027868,-0.26196,1,0.0,4,H,750
-0.027995,-0.2631,1,0.0,4,H,750
-0.028321,-0.26386,1,0.0,4,H,750
-0.028471,-0.26494,1,0.0,4,H,750
-0.02843,-0.26602,1,0.0,4,H,750
-0.028647,-0.26661,1,0.0,4,H,750
-0.0288,-0.26751,1,0.0,4,H,750
-0.029077,-0.26807,1,0.0,4,H,750
-0.029178,-0.26862,1,0.0,4,H,750
-0.029122,-0.26924,1,0.0,4,H,750
-0.02931,-0.26939,1,0.0,4,H,750
-0.029381,-0.26973,1,0.0,4,H,750
-0.029452,-0.26983,1,0.0,4,H,750
-0.029542,-0.26957,1,0.0,4,H,750
-0.029557,-0.26919,1,0.0,4,H,750
-0.029575,-0.26859,1,0.0,4,H,750
-0.02953,-0.26782,1,0.0,4,H,750
-0.029482,-0.26652,1,0.0,4,H,750
-0.029302,-0.26511,1,0.0,4,H,750
-0.029115,-0.26355,1,0.0,4,H,750
-0.029029,-0.26163,1,0.0,4,H,750
-0.028785,-0.25967,1,0.0,4,H,750
-0.028478,-0.25732,1,0.0,4,H,750
-0.028209,-0.25475,1,0.0,4,H,750
-0.027932,-0.25205,1,0.0,4,H,750
-0.027681,-0.24922,1,0.0,4,H,750
-0.027352,-0.24605,1,0.0,4,H,750
-0.026921,-0.24249,1,0.0,4,H,750
-0.026483,-0.23904,1,0.0,4,H,750
-0.026015,-0.23529,1,0.0,4,H,750
-0.025727,-0.23125,1,0.0,4,H,750
-0.02539,-0.22691,1,0.0,4,H,750
-0.024724,-0.22238,1,0.0,4,H,750
-0.024237,-0.218,1,0.0,4,H,750
-0.023776,-0.21347,1,0.0,4,H,750
-0.02314,-0.20837,1,0.0,4,H,750
-0.022642,-0.2029,1,0.0,4,H,750
-0.022009,-0.19761,1,0.0,4,H,750
-0.021336,-0.19195,1,0.0,4,H,750
-0.020909,-0.18589,1,0.0,4,H,750
-0.02031,-0.17991,1,0.0,4,H,750
-0.019565,-0.17367,1,0.0,4,H,750
-0.01888,-0.16718,1,0.0,4,H,750
-0.018273,-0.16064,1,0.0,4,H,750
-0.017603,-0.15403,1,0.0,4,H,750
-0.016821,-0.14738,1,0.0,4,H,750
-0.016046,-0.14073,1,0.0,4,H,750
-0.015237,-0.13403,1,0.0,4,H,750
-0.014593,-0.12715,1,0.0,4,H,750
-0.013871,-0.12039,1,0.0,4,H,750
-0.013193,-0.11364,1,0.0,4,H,750
-0.012542,-0.10674,1,0.0,4,H,750
-0.011737,-0.10007,1,0.0,4,H,750
-0.011089,-0.093389,1,0.0,4,H,750
-0.010431,-0.086962,1,0.0,4,H,750
-0.0097641,-0.080927,1,0.0,4,H,750
-0.0091315,-0.074746,1,0.0,4,H,750
-0.0086111,-0.06855,1,0.0,4,H,750
-0.007941,-0.062698,1,0.0,4,H,750
-0.0073458,-0.056831,1,0.0,4,H,750
-0.0069153,-0.051087,1,0.0,4,H,750
-0.0061778,-0.045579,1,0.0,4,H,750
-0.0055376,-0.039585,1,0.0,4,H,750
-0.0050098,-0.034092,1,0.0,4,H,750
-0.0045119,-0.028774,1,0.0,4,H,750
-0.0040402,-0.023035,1,0.0,4,H,750
-0.003561,-0.017896,1,0.0,4,H,750
-0.0030444,-0.012657,1,0.0,4,H,750
-0.0025465,-0.0071863,1,0.0,4,H,750
-0.00197,-0.0017155,1,0.0,4,H,750
-0.0013822,0.0037478,1,0.0,4,H,750
-0.0010453,0.008987,1,0.0,4,H,750
-0.00044631,0.014439,1,0.0,4,H,750
0.00012646,0.019843,1,0.0,4,H,750
0.00069174,0.025347,1,0.0,4,H,750
0.0013207,0.030971,1,0.0,4,H,750
0.0017362,0.036364,1,0.0,4,H,750
0.0023165,0.042328,1,0.0,4,H,750
0.0029416,0.048322,1,0.0,4,H,750
0.0035481,0.054181,1,0.0,4,H,750
0.0041433,0.060422,1,0.0,4,H,750
0.0047872,0.066576,1,0.0,4,H,750
0.0054237,0.072966,1,0.0,4,H,750
0.0060488,0.079416,1,0.0,4,H,750
0.00682,0.085848,1,0.0,4,H,750
0.0074227,0.092694,1,0.0,4,H,750
0.0080067,0.099648,1,0.0,4,H,750
0.008879,0.1064,1,0.0,4,H,750
0.0095641,0.1133,1,0.0,4,H,750
0.010249,0.12037,1,0.0,4,H,750
0.011062,0.12743,1,0.0,4,H,750
0.011586,0.13462,1,0.0,4,H,750
0.012488,0.14156,1,0.0,4,H,750
0.013188,0.14846,1,0.0,4,H,750
0.013731,0.15541,1,0.0,4,H,750
0.014685,0.16212,1,0.0,4,H,750
0.015176,0.16887,1,0.0,4,H,750
0.015786,0.17542,1,0.0,4,H,750
0.016632,0.1815,1,0.0,4,H,750
0.017115,0.18745,1,0.0,4,H,750
0.017706,0.19331,1,0.0,4,H,750
0.018545,0.19877,1,0.0,4,H,750
0.018972,0.20412,1,0.0,4,H,750
0.019567,0.20922,1,0.0,4,H,750
0.020368,0.21392,1,0.0,4,H,750
0.020645,0.2183,1,0.0,4,H,750
0.020978,0.22207,1,0.0,4,H,750
0.021409,0.22566,1,0.0,4,H,750
0.021858,0.22903,1,0.0,4,H,750
0.022105,0.23186,1,0.0,4,H,750
0.022412,0.23451,1,0.0,4,H,750
0.022854,0.23711,1,0.0,4,H,750
0.023071,0.23945,1,0.0,4,H,750
0.023438,0.24149,1,0.0,4,H,750
0.023535,0.2436,1,0.0,4,H,750
0.023704,0.24555,1,0.0,4,H,750
0.024093,0.2473,1,0.0,4,H,750
0.024164,0.24896,1,0.0,4,H,750
0.02443,0.25044,1,0.0,4,H,750
0.024662,0.2518,1,0.0,4,H,750
0.024778,0.25307,1,0.0,4,H,750
0.025096,0.25424,1,0.0,4,H,750
0.02519,0.25506,1,0.0,4,H,750
0.025235,0.25599,1,0.0,4,H,750
0.025362,0.25693,1,0.0,4,H,750
0.025403,0.25766,1,0.0,4,H,750
0.025583,0.25856,1,0.0,4,H,750
0.025793,0.25954,1,0.0,4,H,750
0.026013,0.26062,1,0.0,4,H,750
0.026204,0.26153,1,0.0,4,H,750
0.026279,0.26253,1,0.0,4,H,750
0.026523,0.2636,1,0.0,4,H,750
0.02668,0.26442,1,0.0,4,H,750
0.026807,0.26532,1,0.0,4,H,750
0.027009,0.26598,1,0.0,4,H,750
0.027099,0.26661,1,0.0,4,H,750
0.027275,0.26737,1,0.0,4,H,750
0.027455,0.26782,1,0.0,4,H,750
0.027593,0.26819,1,0.0,4,H,750
0.027676,0.26838,1,0.0,4,H,750
0.027642,0.26849,1,0.0,4,H,750
0.02759,0.26843,1,0.0,4,H,750
0.027642,0.26798,1,0.0,4,H,750
0.027664,0.26761,1,0.0,4,H,750
0.027646,0.26692,1,0.0,4,H,750
0.027653,0.26572,1,0.0,4,H,750
0.027515,0.26444,1,0.0,4,H,750
0.027249,0.26286,1,0.0,4,H,750
0.027017,0.26091,1,0.0,4,H,750
0.026908,0.25891,1,0.0,4,H,750
0.026743,0.25665,1,0.0,4,H,750
0.0265,0.25408,1,0.0,4,H,750
0.026261,0.25152,1,0.0,4,H,750
0.02613,0.2486,1,0.0,4,H,750
0.025733,0.24542,1,0.0,4,H,750
0.025175,0.24217,1,0.0,4,H,750
0.024842,0.23867,1,0.0,4,H,750
0.024452,0.23492,1,0.0,4,H,750
0.023947,0.23094,1,0.0,4,H,750
0.023389,0.2268,1,0.0,4,H,750
0.023105,0.22232,1,0.0,4,H,750
0.022667,0.21779,1,0.0,4,H,750
0.022064,0.21318,1,0.0,4,H,750
0.021536,0.20825,1,0.0,4,H,750
0.020967,0.20321,1,0.0,4,H,750
0.020454,0.19784,1,0.0,4,H,750
0.019709,0.1921,1,0.0,4,H,750
0.019069,0.18631,1,0.0,4,H,750
0.018403,0.18043,1,0.0,4,H,750
0.017796,0.17413,1,0.0,4,H,750
0.017321,0.16767,1,0.0,4,H,750
0.016595,0.16129,1,0.0,4,H,750
0.015868,0.15462,1,0.0,4,H,750
0.015247,0.14799,1,0.0,4,H,750
0.014509,0.14146,1,0.0,4,H,750
0.013701,0.13457,1,0.0,4,H,750
0.012926,0.1276,1,0.0,4,H,750
0.012095,0.12075,1,0.0,4,H,750
0.011455,0.11397,1,0.0,4,H,750
0.010822,0.10722,1,0.0,4,H,750
0.010178,0.10051,1,0.0,4,H,750
0.0093881,0.093818,1,0.0,4,H,750
0.0086806,0.087264,1,0.0,4,H,750
0.0082651,0.08087,1,0.0,4,H,750
0.0075313,0.074592,1,0.0,4,H,750
0.0069061,0.068355,1,0.0,4,H,750
0.0062248,0.062223,1,0.0,4,H,750
0.0055584,0.056588,1,0.0,4,H,750
0.005053,0.050904,1,0.0,4,H,750
0.0044279,0.045164,1,0.0,4,H,750
0.0040572,0.039607,1,0.0,4,H,750
0.0035257,0.033968,1,0.0,4,H,750
0.0029005,0.028524,1,0.0,4,H,750
0.0025224,0.023198,1,0.0,4,H,750
0.0019458,0.017941,1,0.0,4,H,750
0.0013019,0.012567,1,0.0,4,H,750
0.00086395,0.0070251,1,0.0,4,H,750
0.00029492,0.0017337,1,0.0,4,H,750
-0.00034149,-0.0036213,1,0.0,4,H,750
-0.0008319,-0.0090099,1,0.0,4,H,750
-0.0012587,-0.014376,1,0.0,4,H,750
-0.0017491,-0.019981,1,0.0,4,H,750
-0.0023069,-0.025303,1,0.0,4,H,750
-0.0028385,-0.030811,1,0.0,4,H,750
-0.0035086,-0.036588,1,0.0,4,H,750
-0.0040776,-0.042336,1,0.0,4,H,750
-0.0046017,-0.048386,1,0.0,4,H,750
-0.0052044,-0.054275,1,0.0,4,H,750
-0.0057547,-0.060359,1,0.0,4,H,750
-0.0063799,-0.066637,1,0.0,4,H,750
-0.0070388,-0.07296,1,0.0,4,H,750
-0.0076977,-0.079417,1,0.0,4,H,750
-0.0083491,-0.085889,1,0.0,4,H,750
-0.0090978,-0.092597,1,0.0,4,H,750
-0.0097529,-0.099361,1,0.0,4,H,750
-0.010412,-0.10627,1,0.0,4,H,750
-0.01119,-0.11338,1,0.0,4,H,750
-0.011913,-0.12044,1,0.0,4,H,750
-0.01265,-0.12745,1,0.0,4,H,750
-0.013347,-0.13462,1,0.0,4,H,750
-0.01417,-0.14177,1,0.0,4,H,750
-0.0149,-0.14877,1,0.0,4,H,750
-0.015548,-0.15565,1,0.0,4,H,750
-0.0163,-0.16256,1,0.0,4,H,750
-0.016963,-0.16923,1,0.0,4,H,750
-0.017712,-0.17555,1,0.0,4,H,750
-0.018288,-0.18197,1,0.0,4,H,750
-0.018887,-0.18801,1,0.0,4,H,750
-0.019501,-0.19388,1,0.0,4,H,750
-0.020111,-0.19943,1,0.0,4,H,750
-0.020812,-0.20457,1,0.0,4,H,750
-0.021171,-0.20986,1,0.0,4,H,750
-0.021882,-0.2147,1,0.0,4,H,750
-0.02247,-0.21895,1,0.0,4,H,750
-0.022706,-0.22293,1,0.0,4,H,750
-0.023256,-0.22637,1,0.0,4,H,750
-0.023683,-0.22965,1,0.0,4,H,750
-0.024046,-0.23285,1,0.0,4,H,750
-0.024301,-0.23534,1,0.0,4,H,750
-0.024615,-0.23777,1,0.0,4,H,750
-0.024862,-0.24026,1,0.0,4,H,750
-0.024952,-0.24242,1,0.0,4,H,750
-0.025353,-0.24448,1,0.0,4,H,750
-0.025611,-0.24623,1,0.0,4,H,750
-0.025824,-0.24804,1,0.0,4,H,750
-0.026071,-0.24972,1,0.0,4,H,750
-0.02624,-0.25106,1,0.0,4,H,750
-0.026341,-0.25245,1,0.0,4,H,750
-0.026476,-0.25367,1,0.0,4,H,750
-0.026835,-0.25473,1,0.0,4,H,750
-0.026741,-0.25579,1,0.0,4,H,750
-0.026831,-0.25667,1,0.0,4,H,750
-0.027123,-0.25728,1,0.0,4,H,750
-0.027183,-0.25812,1,0.0,4,H,750
-0.027486,-0.25916,1,0.0,4,H,750
-0.027587,-0.2601,1,0.0,4,H,750
-0.027831,-0.26108,1,0.0,4,H,750
-0.028074,-0.26216,1,0.0,4,H,750
-0.028134,-0.26311,1,0.0,4,H,750
-0.028291,-0.26388,1,0.0,4,H,750
-0.028291,-0.26478,1,0.0,4,H,750
-0.028497,-0.26559,1,0.0,4,H,750
-0.028797,-0.26638,1,0.0,4,H,750
-0.028868,-0.26707,1,0.0,4,H,750
-0.029047,-0.26761,1,0.0,4,H,750
-0.029216,-0.26814,1,0.0,4,H,750
-0.029193,-0.26834,1,0.0,4,H,750
-0.029291,-0.26852,1,0.0,4,H,750
-0.029246,-0.26868,1,0.0,4,H,750
-0.029265,-0.26864,1,0.0,4,H,750
-0.029377,-0.26832,1,0.0,4,H,750
-0.02928,-0.26775,1,0.0,4,H,750
-0.029377,-0.26702,1,0.0,4,H,750
-0.029238,-0.26587,1,0.0,4,H,750
-0.02913,-0.26452,1,0.0,4,H,750
-0.029047,-0.26291,1,0.0,4,H,750
-0.028752,-0.26085,1,0.0,4,H,750
-0.028606,-0.25869,1,0.0,4,H,750
-0.028329,-0.2564,1,0.0,4,H,750
-0.028108,-0.25394,1,0.0,4,H,750
-0.027921,-0.25111,1,0.0,4,H,750
-0.02755,-0.2481,1,0.0,4,H,750
-0.027153,-0.24503,1,0.0,4,H,750
-0.026955,-0.24166,1,0.0,4,H,750
-0.026524,-0.23809,1,0.0,4,H,750
-0.026045,-0.23442,1,0.0,4,H,750
-0.025731,-0.23052,1,0.0,4,H,750
-0.025053,-0.22621,1,0.0,4,H,750
-0.0246,-0.22172,1,0.0,4,H,750
-0.024158,-0.21732,1,0.0,4,H,750
-0.023559,-0.21264,1,0.0,4,H,750
-0.023177,-0.20762,1,0.0,4,H,750
-0.022522,-0.20253,1,0.0,4,H,750
-0.022024,-0.19729,1,0.0,4,H,750
-0.021534,-0.19167,1,0.0,4,H,750
-0.020651,-0.18567,1,0.0,4,H,750
-0.020134,-0.17972,1,0.0,4,H,750
-0.019501,-0.17367,1,0.0,4,H,750
-0.0187,-0.16726,1,0.0,4,H,750
-0.018075,-0.16078,1,0.0,4,H,750
-0.017349,-0.15422,1,0.0,4,H,750
-0.016813,-0.1476,1,0.0,4,H,750
-0.016035,-0.14088,1,0.0,4,H,750
-0.015275,-0.13411,1,0.0,4,H,750
-0.014635,-0.12732,1,0.0,4,H,750
-0.013751,-0.12061,1,0.0,4,H,750
-0.013205,-0.11383,1,0.0,4,H,750
-0.012665,-0.10692,1,0.0,4,H,750
-0.011838,-0.10017,1,0.0,4,H,750
-0.011026,-0.093557,1,0.0,4,H,750
-0.010404,-0.087137,1,0.0,4,H,750
-0.009824,-0.080818,1,0.0,4,H,750
-0.0091764,-0.074578,1,0.0,4,H,750
-0.0085437,-0.068401,1,0.0,4,H,750
-0.0078549,-0.062388,1,0.0,4,H,750
-0.0073046,-0.056741,1,0.0,4,H,750
-0.0068479,-0.050938,1,0.0,4,H,750
-0.0061366,-0.045105,1,0.0,4,H,750
-0.0054253,-0.039615,1,0.0,4,H,750
-0.0050584,-0.034174,1,0.0,4,H,750
-0.0046279,-0.02873,1,0.0,4,H,750
-0.0039878,-0.023281,1,0.0,4,H,750
-0.0034674,-0.017941,1,0.0,4,H,750
-0.0028759,-0.012657,1,0.0,4,H,750
-0.0023443,-0.0072611,1,0.0,4,H,750
-0.0019662,-0.002007,1,0.0,4,H,750
-0.001386,0.0034414,1,0.0,4,H,750
-0.00091052,0.0088263,1,0.0,4,H,750
-0.00041636,0.014069,1,0.0,4,H,750
0.00022379,0.019675,1,0.0,4,H,750
0.00062436,0.025026,1,0.0,4,H,750
0.0010549,0.030403,1,0.0,4,H,750
0.0017137,0.036009,1,0.0,4,H,750
0.0023389,0.041543,1,0.0,4,H,750
0.0028818,0.047518,1,0.0,4,H,750
0.0034545,0.053628,1,0.0,4,H,750
0.0040385,0.059689,1,0.0,4,H,750
0.0046637,0.0659,1,0.0,4,H,750
0.0052851,0.072156,1,0.0,4,H,750
0.0059777,0.078733,1,0.0,4,H,750
0.0067302,0.085302,1,0.0,4,H,750
0.007389,0.091744,1,0.0,4,H,750
0.0081191,0.098538,1,0.0,4,H,750
0.0087517,0.10542,1,0.0,4,H,750
0.0094181,0.11241,1,0.0,4,H,750
0.010099,0.11939,1,0.0,4,H,750
0.010721,0.12625,1,0.0,4,H,750
0.011436,0.1333,1,0.0,4,H,750
0.012012,0.14042,1,0.0,4,H,750
0.012806,0.1473,1,0.0,4,H,750
0.013678,0.154,1,0.0,4,H,750
0.014386,0.16079,1,0.0,4,H,750
0.015082,0.16735,1,0.0,4,H,750
0.015805,0.17367,1,0.0,4,H,750
0.016523,0.17999,1,0.0,4,H,750
0.017003,0.18606,1,0.0,4,H,750
0.017609,0.19176,1,0.0,4,H,750
0.018238,0.19728,1,0.0,4,H,750
0.018803,0.20249,1,0.0,4,H,750
0.019541,0.20743,1,0.0,4,H,750
0.020016,0.21235,1,0.0,4,H,750
0.020421,0.21665,1,0.0,4,H,750
0.0209,0.22056,1,0.0,4,H,750
0.021229,0.22433,1,0.0,4,H,750
0.02157,0.22752,1,0.0,4,H,750
0.021937,0.23039,1,0.0,4,H,750
0.022315,0.23311,1,0.0,4,H,750
0.022554,0.23558,1,0.0,4,H,750
0.022846,0.23787,1,0.0,4,H,750
0.02321,0.23998,1,0.0,4,H,750
0.023385,0.24196,1,0.0,4,H,750
0.023756,0.24388,1,0.0,4,H,750
0.023872,0.24555,1,0.0,4,H,750
0.02388,0.24711,1,0.0,4,H,750
0.02419,0.24868,1,0.0,4,H,750
0.024381,0.24993,1,0.0,4,H,750
0.024681,0.25109,1,0.0,4,H,750
0.024752,0.25224,1,0.0,4,H,750
0.024801,0.2531,1,0.0,4,H,750
0.025074,0.25402,1,0.0,4,H,750
0.025171,0.25488,1,0.0,4,H,750
0.02528,0.25571,1,0.0,4,H,750
0.025381,0.25668,1,0.0,4,H,750
0.025553,0.2576,1,0.0,4,H,750
0.025804,0.25861,1,0.0,4,H,750
0.026111,0.2596,1,0.0,4,H,750
0.026328,0.26064,1,0.0,4,H,750
0.026332,0.26153,1,0.0,4,H,750
0.026362,0.26231,1,0.0,4,H,750
0.026564,0.26334,1,0.0,4,H,750
0.026871,0.26409,1,0.0,4,H,750
0.026998,0.26463,1,0.0,4,H,750
0.027073,0.26525,1,0.0,4,H,750
0.027208,0.26571,1,0.0,4,H,750
0.027331,0.26616,1,0.0,4,H,750
0.027342,0.26653,1,0.0,4,H,750
0.027444,0.26651,1,0.0,4,H,750
0.02747,0.26644,1,0.0,4,H,750
0.027346,0.26627,1,0.0,4,H,750
0.027436,0.26588,1,0.0,4,H,750
0.027414,0.26523,1,0.0,4,H,750
0.027384,0.26416,1,0.0,4,H,750
0.027361,0.26281,1,0.0,4,H,750
0.027196,0.2612,1,0.0,4,H,750
0.027039,0.25945,1,0.0,4,H,750
0.026908,0.25729,1,0.0,4,H,750
0.026575,0.25486,1,0.0,4,H,750
0.02635,0.25246,1,0.0,4,H,750
0.026253,0.24991,1,0.0,4,H,750
0.025796,0.24705,1,0.0,4,H,750
0.02534,0.24393,1,0.0,4,H,750
0.025036,0.24082,1,0.0,4,H,750
0.024774,0.23721,1,0.0,4,H,750
0.02416,0.23341,1,0.0,4,H,750
0.023812,0.22959,1,0.0,4,H,750
0.023498,0.22539,1,0.0,4,H,750
0.022753,0.22097,1,0.0,4,H,750
0.022326,0.21635,1,0.0,4,H,750
0.021817,0.21174,1,0.0,4,H,750
0.021405,0.20684,1,0.0,4,H,750
0.020907,0.20179,1,0.0,4,H,750
0.020301,0.19656,1,0.0,4,H,750
0.019762,0.19088,1,0.0,4,H,750
0.018961,0.18516,1,0.0,4,H,750
0.018466,0.17931,1,0.0,4,H,750
0.017804,0.17326,1,0.0,4,H,750
0.017059,0.16699,1,0.0,4,H,750
0.016426,0.16045,1,0.0,4,H,750
0.015644,0.15394,1,0.0,4,H,750
0.015033,0.14738,1,0.0,4,H,750
0.01433,0.14054,1,0.0,4,H,750
0.013622,0.13378,1,0.0,4,H,750
0.01284,0.12703,1,0.0,4,H,750
0.012222,0.12013,1,0.0,4,H,750
0.011586,0.11338,1,0.0,4,H,750
0.010713,0.1064,1,0.0,4,H,750
0.01001,0.099712,1,0.0,4,H,750
0.0092908,0.093262,1,0.0,4,H,750
0.0086581,0.086591,1,0.0,4,H,750
0.0080105,0.080194,1,0.0,4,H,750
0.0074452,0.073841,1,0.0,4,H,750
0.0067377,0.067768,1,0.0,4,H,750
0.00609,0.061711,1,0.0,4,H,750
0.0055996,0.055736,1,0.0,4,H,750
0.0047798,0.049988,1,0.0,4,H,750
0.0043006,0.044349,1,0.0,4,H,750
0.0038738,0.038867,1,0.0,4,H,750
0.0033497,0.033176,1,0.0,4,H,750
0.002878,0.027817,1,0.0,4,H,750
0.0021405,0.022548,1,0.0,4,H,750
0.0016838,0.017074,1,0.0,4,H,750
0.0012346,0.011752,1,0.0,4,H,750
0.00058318,0.0064048,1,0.0,4,H,750
0.00019384,0.0010834,1,0.0,4,H,750
-0.00042385,-0.0042192,1,0.0,4,H,750
-0.00085437,-0.0096452,1,0.0,4,H,750
-0.0013448,-0.015038,1,0.0,4,H,750
-0.0020598,-0.020374,1,0.0,4,H,750
-0.0023481,-0.02577,1,0.0,4,H,750
-0.0029807,-0.031289,1,0.0,4,H,750
-0.0035048,-0.036977,1,0.0,4,H,750
-0.0039803,-0.042687,1,0.0,4,H,750
-0.0047627,-0.04846,1,0.0,4,H,750
-0.0052306,-0.054428,1,0.0,4,H,750
-0.0057435,-0.060575,1,0.0,4,H,750
-0.0064473,-0.066902,1,0.0,4,H,750
-0.0070762,-0.073348,1,0.0,4,H,750
-0.0076041,-0.079593,1,0.0,4,H,750
-0.0082854,-0.086057,1,0.0,4,H,750
-0.0090154,-0.092911,1,0.0,4,H,750
-0.0098315,-0.099671,1,0.0,4,H,750
-0.010565,-0.10658,1,0.0,4,H,750
-0.011217,-0.11362,1,0.0,4,H,750
-0.011988,-0.12068,1,0.0,4,H,750
-0.012684,-0.12772,1,0.0,4,H,750
-0.013485,-0.13472,1,0.0,4,H,750
-0.014024,-0.14172,1,0.0,4,H,750
-0.014773,-0.14867,1,0.0,4,H,750
-0.015702,-0.15553,1,0.0,4,H,750
-0.016095,-0.16228,1,0.0,4,H,750
-0.01687,-0.16903,1,0.0,4,H,750
-0.017577,-0.17541,1,0.0,4,H,750
-0.018105,-0.18146,1,0.0,4,H,750
-0.018914,-0.18761,1,0.0,4,H,750
-0.019415,-0.19347,1,0.0,4,H,750
-0.020228,-0.19887,1,0.0,4,H,750
-0.020853,-0.20401,1,0.0,4,H,750
-0.021227,-0.20906,1,0.0,4,H,750
-0.022062,-0.21402,1,0.0,4,H,750
-0.02247,-0.21843,1,0.0,4,H,750
-0.022807,-0.22219,1,0.0,4,H,750
-0.023305,-0.22575,1,0.0,4,H,750
-0.023612,-0.22934,1,0.0,4,H,750
-0.023907,-0.23238,1,0.0,4,H,750
-0.024211,-0.2349,1,0.0,4,H,750
-0.024499,-0.23739,1,0.0,4,H,750
-0.024709,-0.23969,1,0.0,4,H,750
-0.025169,-0.24184,1,0.0,4,H,750
-0.025308,-0.24385,1,0.0,4,H,750
-0.025412,-0.24576,1,0.0,4,H,750
-0.025865,-0.24733,1,0.0,4,H,750
-0.02591,-0.24898,1,0.0,4,H,750
-0.026251,-0.25067,1,0.0,4,H,750
-0.026528,-0.25185,1,0.0,4,H,750
-0.026367,-0.25304,1,0.0,4,H,750
-0.026618,-0.2541,1,0.0,4,H,750
-0.026749,-0.25505,1,0.0,4,H,750
-0.02682,-0.25592,1,0.0,4,H,750
-0.027146,-0.25663,1,0.0,4,H,750
-0.027071,-0.25769,1,0.0,4,H,750
-0.027183,-0.25859,1,0.0,4,H,750
-0.027629,-0.25942,1,0.0,4,H,750
-0.027756,-0.26043,1,0.0,4,H,750
-0.027823,-0.26122,1,0.0,4,H,750
-0.028014,-0.2624,1,0.0,4,H,750
-0.028239,-0.26348,1,0.0,4,H,750
-0.0284,-0.26418,1,0.0,4,H,750
-0.028557,-0.26516,1,0.0,4,H,750
-0.028755,-0.26595,1,0.0,4,H,750
-0.028748,-0.2667,1,0.0,4,H,750
-0.028797,-0.26727,1,0.0,4,H,750
-0.029122,-0.2676,1,0.0,4,H,750
-0.029246,-0.2681,1,0.0,4,H,750
-0.029291,-0.26834,1,0.0,4,H,750
-0.029377,-0.26828,1,0.0,4,H,750
-0.029171,-0.26818,1,0.0,4,H,750
-0.029295,-0.26796,1,0.0,4,H,750
-0.029489,-0.26744,1,0.0,4,H,750
-0.02928,-0.2667,1,0.0,4,H,750
-0.029212,-0.26556,1,0.0,4,H,750
-0.029096,-0.26423,1,0.0,4,H,750
-0.028999,-0.26275,1,0.0,4,H,750
-0.029014,-0.26077,1,0.0,4,H,750
-0.028666,-0.25866,1,0.0,4,H,750
-0.028302,-0.25623,1,0.0,4,H,750
-0.028149,-0.25373,1,0.0,4,H,750
-0.027932,-0.25109,1,0.0,4,H,750
-0.027647,-0.24807,1,0.0,4,H,750
-0.027232,-0.24498,1,0.0,4,H,750
-0.026854,-0.24155,1,0.0,4,H,750
-0.02655,-0.23812,1,0.0,4,H,750
-0.026142,-0.23452,1,0.0,4,H,750
-0.025704,-0.23059,1,0.0,4,H,750
-0.025218,-0.22636,1,0.0,4,H,750
-0.024544,-0.22195,1,0.0,4,H,750
-0.024035,-0.21725,1,0.0,4,H,750
-0.023634,-0.21236,1,0.0,4,H,750
-0.023046,-0.2076,1,0.0,4,H,750
-0.022601,-0.20238,1,0.0,4,H,750
-0.021987,-0.19721,1,0.0,4,H,750
-0.021384,-0.1918,1,0.0,4,H,750
-0.020886,-0.18593,1,0.0,4,H,750
-0.020078,-0.18008,1,0.0,4,H,750
-0.019531,-0.17381,1,0.0,4,H,750
-0.018943,-0.16764,1,0.0,4,H,750
-0.018161,-0.16128,1,0.0,4,H,750
-0.017491,-0.15466,1,0.0,4,H,750
-0.016652,-0.14812,1,0.0,4,H,750
-0.015911,-0.14131,1,0.0,4,H,750
-0.01529,-0.13455,1,0.0,4,H,750
-0.014635,-0.12774,1,0.0,4,H,750
-0.014021,-0.1208,1,0.0,4,H,750
-0.013283,-0.11414,1,0.0,4,H,750
-0.012478,-0.10749,1,0.0,4,H,750
-0.011913,-0.10057,1,0.0,4,H,750
-0.011198,-0.094002,1,0.0,4,H,750
-0.010352,-0.087616,1,0.0,4,H,750
-0.0098652,-0.08108,1,0.0,4,H,750
-0.0092924,-0.074862,1,0.0,4,H,750
-0.0085063,-0.06877,1,0.0,4,H,750
-0.0080084,-0.062709,1,0.0,4,H,750
-0.0074244,-0.056801,1,0.0,4,H,750
-0.0066906,-0.050923,1,0.0,4,H,750
-0.0062901,-0.04531,1,0.0,4,H,750
-0.0055788,-0.039798,1,0.0,4,H,750
-0.0048825,-0.034144,1,0.0,4,H,750
-0.0045643,-0.028595,1,0.0,4,H,750
-0.0040289,-0.023434,1,0.0,4,H,750
-0.0035535,-0.018046,1,0.0,4,H,750
-0.0030668,-0.012482,1,0.0,4,H,750
-0.0025165,-0.0073059,1,0.0,4,H,750
-0.0019999,-0.0018949,1,0.0,4,H,750
-0.0013934,0.0033928,1,0.0,4,H,750
-0.00080196,0.0086096,1,0.0,4,H,750
-0.00035647,0.014088,1,0.0,4,H,750
7.7791e-05,0.019439,1,0.0,4,H,750
0.00056446,0.02491,1,0.0,4,H,750
0.0010848,0.030269,1,0.0,4,H,750
0.0017362,0.035859,1,0.0,4,H,750
0.0022977,0.041715,1,0.0,4,H,750
0.0028818,0.04747,1,0.0,4,H,750
0.0035219,0.053408,1,0.0,4,H,750
0.0040797,0.059585,1,0.0,4,H,750
0.0046525,0.066079,1,0.0,4,H,750
0.0052964,0.072499,1,0.0,4,H,750
0.0059552,0.078867,1,0.0,4,H,750
0.0066254,0.085511,1,0.0,4,H,750
0.0073816,0.09207,1,0.0,4,H,750
0.0079805,0.098796,1,0.0,4,H,750
0.0087555,0.10577,1,0.0,4,H,750
0.0094892,0.11269,1,0.0,4,H,750
0.010118,0.1198,1,0.0,4,H,750
0.010957,0.12671,1,0.0,4,H,750
0.011601,0.13366,1,0.0,4,H,750
0.012361,0.14095,1,0.0,4,H,750
0.013072,0.14786,1,0.0,4,H,750
0.013637,0.1546,1,0.0,4,H,750
0.014386,0.16121,1,0.0,4,H,750
0.015127,0.16781,1,0.0,4,H,750
0.015767,0.17421,1,0.0,4,H,750
0.016407,0.18021,1,0.0,4,H,750
0.016999,0.18632,1,0.0,4,H,750
0.017564,0.19201,1,0.0,4,H,750
0.018238,0.19732,1,0.0,4,H,750
0.018736,0.20254,1,0.0,4,H,750
0.019365,0.20752,1,0.0,4,H,750
0.020046,0.21244,1,0.0,4,H,750
0.020533,0.2169,1,0.0,4,H,750
0.02099,0.22078,1,0.0,4,H,750
0.021383,0.22459,1,0.0,4,H,750
0.021836,0.22789,1,0.0,4,H,750
0.022173,0.23081,1,0.0,4,H,750
0.022266,0.23366,1,0.0,4,H,750
0.022509,0.2361,1,0.0,4,H,750
0.023015,0.2386,1,0.0,4,H,750
0.023243,0.24074,1,0.0,4,H,750
0.02343,0.2427,1,0.0,4,H,750
0.023741,0.24466,1,0.0,4,H,750
0.02379,0.24633,1,0.0,4,H,750
0.024026,0.248,1,0.0,4,H,750
0.024441,0.24949,1,0.0,4,H,750
0.024527,0.2509,1,0.0,4,H,750
0.024699,0.25215,1,0.0,4,H,750
0.024991,0.25323,1,0.0,4,H,750
0.025018,0.25421,1,0.0,4,H,750
0.025093,0.2549,1,0.0,4,H,750
0.02519,0.25578,1,0.0,4,H,750
0.025471,0.25686,1,0.0,4,H,750
0.025654,0.25755,1,0.0,4,H,750
0.025654,0.25847,1,0.0,4,H,750
0.025894,0.25938,1,0.0,4,H,750
0.026118,0.26,1,0.0,4,H,750
0.026455,0.2612,1,0.0,4,H,750
0.026545,0.26225,1,0.0,4,H,750
0.026541,0.26307,1,0.0,4,H,750
0.026605,0.26395,1,0.0,4,H,750
0.026785,0.2648,1,0.0,4,H,750
0.027268,0.26548,1,0.0,4,H,750
0.027163,0.26599,1,0.0,4,H,750
0.027137,0.26668,1,0.0,4,H,750
0.027316,0.2669,1,0.0,4,H,750
0.027436,0.26731,1,0.0,4,H,750
0.027664,0.26754,1,0.0,4,H,750
0.027503,0.2672,1,0.0,4,H,750
0.027563,0.26714,1,0.0,4,H,750
0.027605,0.26669,1,0.0,4,H,750
0.027571,0.26594,1,0.0,4,H,750
0.027492,0.26491,1,0.0,4,H,750
0.027249,0.26365,1,0.0,4,H,750
0.027327,0.26224,1,0.0,4,H,750
0.027181,0.26024,1,0.0,4,H,750
0.026837,0.25818,1,0.0,4,H,750
0.026684,0.25587,1,0.0,4,H,750
0.026496,0.25338,1,0.0,4,H,750
0.026025,0.2507,1,0.0,4,H,750
0.025684,0.24758,1,0.0,4,H,750
0.025471,0.24461,1,0.0,4,H,750
0.025055,0.24139,1,0.0,4,H,750
0.024797,0.23801,1,0.0,4,H,750
0.024318,0.23445,1,0.0,4,H,750
0.02382,0.23027,1,0.0,4,H,750
0.023385,0.226,1,0.0,4,H,750
0.022839,0.22168,1,0.0,4,H,750
0.022521,0.21706,1,0.0,4,H,750
0.021888,0.21217,1,0.0,4,H,750
0.021312,0.20738,1,0.0,4,H,750
0.020866,0.20223,1,0.0,4,H,750
0.020222,0.19685,1,0.0,4,H,750
0.01978,0.19159,1,0.0,4,H,750
0.01908,0.18585,1,0.0,4,H,750
0.018392,0.17995,1,0.0,4,H,750
0.01789,0.17391,1,0.0,4,H,750
0.017268,0.16781,1,0.0,4,H,750
0.016621,0.16154,1,0.0,4,H,750
0.015827,0.15488,1,0.0,4,H,750
0.015138,0.14822,1,0.0,4,H,750
0.014405,0.14133,1,0.0,4,H,750
0.013701,0.13466,1,0.0,4,H,750
0.013139,0.12795,1,0.0,4,H,750
0.012252,0.12088,1,0.0,4,H,750
0.011526,0.11415,1,0.0,4,H,750
0.010923,0.10724,1,0.0,4,H,750
0.010159,0.10029,1,0.0,4,H,750
0.0094742,0.093841,1,0.0,4,H,750
0.0088116,0.087327,1,0.0,4,H,750
0.0082576,0.080773,1,0.0,4,H,750
0.0075425,0.074446,1,0.0,4,H,750
0.0068125,0.068292,1,0.0,4,H,750
0.0062735,0.062279,1,0.0,4,H,750
0.0057456,0.056382,1,0.0,4,H,750
0.0051579,0.050493,1,0.0,4,H,750
0.0044129,0.044659,1,0.0,4,H,750
0.0038626,0.039196,1,0.0,4,H,750
0.0033796,0.033703,1,0.0,4,H,750
0.0027994,0.028157,1,0.0,4,H,750
0.0023689,0.022731,1,0.0,4,H,750
0.001886,0.017335,1,0.0,4,H,750
0.0013394,0.012234,1,0.0,4,H,750
0.00069174,0.0067785,1,0.0,4,H,750
0.00011523,0.001218,1,0.0,4,H,750
-0.0002217,-0.0040548,1,0.0,4,H,750
-0.0008918,-0.0095929,1,0.0,4,H,750
-0.0014234,-0.014896,1,0.0,4,H,750
-0.0018165,-0.020236,1,0.0,4,H,750
-0.0024417,-0.025972,1,0.0,4,H,750
-0.0028722,-0.031506,1,0.0,4,H,750
-0.0035123,-0.037089,1,0.0,4,H,750
-0.0040888,-0.042881,1,0.0,4,H,750
-0.0044407,-0.048715,1,0.0,4,H,750
-0.0050397,-0.054765,1,0.0,4,H,750
-0.0057809,-0.060886,1,0.0,4,H,750
-0.0064323,-0.067108,1,0.0,4,H,750
-0.0070425,-0.07364,1,0.0,4,H,750
-0.0078661,-0.080183,1,0.0,4,H,750
-0.0085512,-0.086689,1,0.0,4,H,750
-0.0091801,-0.093505,1,0.0,4,H,750
-0.0098428,-0.1005,1,0.0,4,H,750
-0.010502,-0.10722,1,0.0,4,H,750
-0.011262,-0.11408,1,0.0,4,H,750
-0.011842,-0.12127,1,0.0,4,H,750
-0.012714,-0.12852,1,0.0,4,H,750
-0.013605,-0.13552,1,0.0,4,H,750
-0.014159,-0.14246,1,0.0,4,H,750
-0.014882,-0.14954,1,0.0,4,H,750
-0.015559,-0.15624,1,0.0,4,H,750
-0.0163,-0.16299,1,0.0,4,H,750
-0.016944,-0.16969,1,0.0,4,H,750
-0.017468,-0.17595,1,0.0,4,H,750
-0.018401,-0.18224,1,0.0,4,H,750
-0.019071,-0.18829,1,0.0,4,H,750
-0.019498,-0.19396,1,0.0,4,H,750
-0.02022,-0.19944,1,0.0,4,H,750
-0.0208,-0.20472,1,0.0,4,H,750
-0.021347,-0.20976,1,0.0,4,H,750
-0.021972,-0.21459,1,0.0,4,H,750
-0.02241,-0.21887,1,0.0,4,H,750
-0.022837,-0.22281,1,0.0,4,H,750
-0.023286,-0.22662,1,0.0,4,H,750
-0.023675,-0.23003,1,0.0,4,H,750
-0.024192,-0.23306,1,0.0,4,H,750
-0.02445,-0.23589,1,0.0,4,H,750
-0.024555,-0.23865,1,0.0,4,H,750
-0.024978,-0.241,1,0.0,4,H,750
-0.025094,-0.24307,1,0.0,4,H,750
-0.025192,-0.24517,1,0.0,4,H,750
-0.025641,-0.24712,1,0.0,4,H,750
-0.025873,-0.24895,1,0.0,4,H,750
-0.026165,-0.25065,1,0.0,4,H,750
-0.026397,-0.25202,1,0.0,4,H,750
-0.026404,-0.25337,1,0.0,4,H,750
-0.026674,-0.25463,1,0.0,4,H,750
-0.026887,-0.25573,1,0.0,4,H,750
-0.02694,-0.25675,1,0.0,4,H,750
-0.027183,-0.25734,1,0.0,4,H,750
-0.027303,-0.2583,1,0.0,4,H,750
-0.027355,-0.25923,1,0.0,4,H,750
-0.02758,-0.25992,1,0.0,4,H,750
-0.027733,-0.26097,1,0.0,4,H,750
-0.027894,-0.26172,1,0.0,4,H,750
-0.028085,-0.2627,1,0.0,4,H,750
-0.028175,-0.26375,1,0.0,4,H,750
-0.028392,-0.26473,1,0.0,4,H,750
-0.028568,-0.26577,1,0.0,4,H,750
-0.028606,-0.26663,1,0.0,4,H,750
-0.028815,-0.26744,1,0.0,4,H,750
-0.028916,-0.26796,1,0.0,4,H,750
-0.029175,-0.26866,1,0.0,4,H,750
-0.029268,-0.26922,1,0.0,4,H,750
-0.029096,-0.26937,1,0.0,4,H,750
-0.029407,-0.26956,1,0.0,4,H,750
-0.029474,-0.26982,1,0.0,4,H,750
-0.029485,-0.26981,1,0.0,4,H,750
-0.029459,-0.26917,1,0.0,4,H,750
-0.029369,-0.2687,1,0.0,4,H,750
-0.029497,-0.2681,1,0.0,4,H,750
-0.029384,-0.26699,1,0.0,4,H,750
-0.029328,-0.26584,1,0.0,4,H,750
-0.029104,-0.26426,1,0.0,4,H,750
-0.02889,-0.26217,1,0.0,4,H,750
-0.028632,-0.25987,1,0.0,4,H,750
-0.028351,-0.25749,1,0.0,4,H,750
-0.02831,-0.25492,1,0.0,4,H,750
-0.027999,-0.25213,1,0.0,4,H,750
-0.027786,-0.2491,1,0.0,4,H,750
-0.027329,-0.24608,1,0.0,4,H,750
-0.026914,-0.24273,1,0.0,4,H,750
-0.026618,-0.23889,1,0.0,4,H,750
-0.025955,-0.23522,1,0.0,4,H,750
-0.02582,-0.23117,1,0.0,4,H,750
-0.025274,-0.2269,1,0.0,4,H,750
-0.024525,-0.22267,1,0.0,4,H,750
-0.024402,-0.21784,1,0.0,4,H,750
-0.023829,-0.21302,1,0.0,4,H,750
-0.023226,-0.20818,1,0.0,4,H,750
-0.022743,-0.20283,1,0.0,4,H,750
-0.022122,-0.19734,1,0.0,4,H,750
-0.021362,-0.19195,1,0.0,4,H,750
-0.020658,-0.1862,1,0.0,4,H,750
-0.020302,-0.18016,1,0.0,4,H,750
-0.01964,-0.17427,1,0.0,4,H,750
-0.018812,-0.168,1,0.0,4,H,750
-0.018075,-0.16161,1,0.0,4,H,750
-0.017379,-0.15516,1,0.0,4,H,750
-0.016813,-0.14837,1,0.0,4,H,750
-0.016091,-0.14161,1,0.0,4,H,750
-0.015323,-0.13486,1,0.0,4,H,750
-0.014582,-0.12805,1,0.0,4,H,750
-0.013957,-0.1212,1,0.0,4,H,750
-0.013407,-0.11436,1,0.0,4,H,750
-0.012531,-0.10774,1,0.0,4,H,750
-0.011804,-0.10105,1,0.0,4,H,750
-0.011333,-0.094365,1,0.0,4,H,750
-0.010554,-0.087817,1,0.0,4,H,750
-0.0099027,-0.08114,1,0.0,4,H,750
-0.0094609,-0.074963,1,0.0,4,H,750
-0.0086673,-0.068909,1,0.0,4,H,750
-0.0078811,-0.062605,1,0.0,4,H,750
-0.0073495,-0.056827,1,0.0,4,H,750
-0.0067917,-0.051155,1,0.0,4,H,750
-0.0062863,-0.045385,1,0.0,4,H,750
-0.0056387,-0.039802,1,0.0,4,H,750
-0.0049499,-0.034484,1,0.0,4,H,750
-0.0044744,-0.028883,1,0.0,4,H,750
-0.0039616,-0.023285,1,0.0,4,H,750
-0.0034711,-0.018076,1,0.0,4,H,750
-0.0028984,-0.012627,1,0.0,4,H,750
-0.002378,-0.0072984,1,0.0,4,H,750
-0.0019176,-0.0019547,1,0.0,4,H,750
-0.0013747,0.0035162,1,0.0,4,H,750
-0.00087308,0.0089832,1,0.0,4,H,750
-0.00029283,0.014413,1,0.0,4,H,750
0.000104,0.019828,1,0.0,4,H,750
0.00065431,0.025527,1,0.0,4,H,750
0.0013169,0.030967,1,0.0,4,H,750
0.0017811,0.036453,1,0.0,4,H,750
0.0023951,0.042301,1,0.0,4,H,750
0.0028256,0.048139,1,0.0,4,H,750
0.0034545,0.054226,1,0.0,4,H,750
0.0042744,0.060231,1,0.0,4,H,750
0.0047386,0.066513,1,0.0,4,H,750
0.0054723,0.073168,1,0.0,4,H,750
0.0061462,0.079671,1,0.0,4,H,750
0.0067189,0.08649,1,0.0,4,H,750
0.0075538,0.093273,1,0.0,4,H,750
0.0081715,0.10003,1,0.0,4,H,750
0.0089127,0.10711,1,0.0,4,H,750
0.0096053,0.11405,1,0.0,4,H,750
0.010268,0.12119,1,0.0,4,H,750
0.011121,0.12844,1,0.0,4,H,750
0.011728,0.13534,1,0.0,4,H,750
0.01269,0.14227,1,0.0,4,H,750
0.013371,0.14921,1,0.0,4,H,750
0.013772,0.15604,1,0.0,4,H,750
0.014685,0.16272,1,0.0,4,H,750
0.015266,0.16918,1,0.0,4,H,750
0.015966,0.17539,1,0.0,4,H,750
0.016692,0.18157,1,0.0,4,H,750
0.017092,0.18761,1,0.0,4,H,750
0.01786,0.19323,1,0.0,4,H,750
0.018493,0.19872,1,0.0,4,H,750
0.018931,0.20382,1,0.0,4,H,750
0.019556,0.20879,1,0.0,4,H,750
0.020211,0.21355,1,0.0,4,H,750
0.02078,0.21775,1,0.0,4,H,750
0.021132,0.22181,1,0.0,4,H,750
0.021428,0.22568,1,0.0,4,H,750
0.021851,0.22899,1,0.0,4,H,750
0.022158,0.23201,1,0.0,4,H,750
0.022416,0.23508,1,0.0,4,H,750
0.02291,0.23776,1,0.0,4,H,750
0.023277,0.24001,1,0.0,4,H,750
0.023374,0.24215,1,0.0,4,H,750
0.023651,0.24433,1,0.0,4,H,750
0.023969,0.24633,1,0.0,4,H,750
0.024168,0.24805,1,0.0,4,H,750
0.024336,0.24966,1,0.0,4,H,750
0.024385,0.25113,1,0.0,4,H,750
0.024677,0.25258,1,0.0,4,H,750
0.024991,0.25386,1,0.0,4,H,750
0.024991,0.25491,1,0.0,4,H,750
0.02528,0.25591,1,0.0,4,H,750
0.025358,0.25675,1,0.0,4,H,750
0.025227,0.25742,1,0.0,4,H,750
0.02559,0.25826,1,0.0,4,H,750
0.025811,0.25907,1,0.0,4,H,750
0.025991,0.2598,1,0.0,4,H,750
0.026201,0.26071,1,0.0,4,H,750
0.026159,0.26158,1,0.0,4,H,750
0.02641,0.26264,1,0.0,4,H,750
0.026624,0.26357,1,0.0,4,H,750
0.026695,0.26447,1,0.0,4,H,750
0.026979,0.26564,1,0.0,4,H,750
0.027002,0.26631,1,0.0,4,H,750
0.027047,0.26684,1,0.0,4,H,750
0.027425,0.26767,1,0.0,4,H,750
0.027634,0.26814,1,0.0,4,H,750
0.02747,0.26845,1,0.0,4,H,750
0.027414,0.26875,1,0.0,4,H,750
0.027661,0.2688,1,0.0,4,H,750
0.027679,0.26875,1,0.0,4,H,750
0.027754,0.26838,1,0.0,4,H,750
0.027882,0.26789,1,0.0,4,H,750
0.027777,0.26728,1,0.0,4,H,750
0.027672,0.26619,1,0.0,4,H,750
0.027687,0.26505,1,0.0,4,H,750
0.027773,0.26364,1,0.0,4,H,750
0.027327,0.2618,1,0.0,4,H,750
0.027002,0.25974,1,0.0,4,H,750
0.026938,0.25733,1,0.0,4,H,750
0.026579,0.25469,1,0.0,4,H,750
0.026358,0.25187,1,0.0,4,H,750
0.025882,0.2489,1,0.0,4,H,750
0.025478,0.24569,1,0.0,4,H,750
0.025291,0.24232,1,0.0,4,H,750
0.024722,0.23878,1,0.0,4,H,750
0.024232,0.23494,1,0.0,4,H,750
0.023846,0.2309,1,0.0,4,H,750
0.023419,0.22661,1,0.0,4,H,750
0.02309,0.22217,1,0.0,4,H,750
0.022521,0.21764,1,0.0,4,H,750
0.021862,0.21263,1,0.0,4,H,750
0.021259,0.20744,1,0.0,4,H,750
0.020735,0.20229,1,0.0,4,H,750
0.020398,0.19683,1,0.0,4,H,750
0.019769,0.19139,1,0.0,4,H,750
0.019129,0.1857,1,0.0,4,H,750
0.018564,0.17981,1,0.0,4,H,750
0.01768,0.17388,1,0.0,4,H,750
0.016995,0.16738,1,0.0,4,H,750
0.01649,0.16114,1,0.0,4,H,750
0.015745,0.15478,1,0.0,4,H,750
0.015019,0.14804,1,0.0,4,H,750
0.014427,0.1414,1,0.0,4,H,750
0.013615,0.13437,1,0.0,4,H,750
0.012784,0.12759,1,0.0,4,H,750
0.012155,0.1209,1,0.0,4,H,750
0.011533,0.11386,1,0.0,4,H,750
0.010833,0.10701,1,0.0,4,H,750
0.010156,0.10026,1,0.0,4,H,750
0.0096277,0.093564,1,0.0,4,H,750
0.0089127,0.087062,1,0.0,4,H,750
0.0082576,0.080638,1,0.0,4,H,750
0.0076885,0.074353,1,0.0,4,H,750
0.00685,0.068194,1,0.0,4,H,750
0.0062847,0.061991,1,0.0,4,H,750
0.0056857,0.056195,1,0.0,4,H,750
0.0049782,0.050538,1,0.0,4,H,750
0.0045177,0.044671,1,0.0,4,H,750
0.0038401,0.039039,1,0.0,4,H,750
0.0032,0.033385,1,0.0,4,H,750
0.0027657,0.027963,1,0.0,4,H,750
0.0021742,0.022612,1,0.0,4,H,750
0.00171,0.017193,1,0.0,4,H,750
0.0012795,0.01198,1,0.0,4,H,750
0.00057195,0.0065356,1,0.0,4,H,750
9.6509e-05,0.0011096,1,0.0,4,H,750
-0.00039016,-0.0044397,1,0.0,4,H,750
-0.0010079,-0.0098059,1,0.0,4,H,750
-0.0013148,-0.015176,1,0.0,4,H,750
-0.0018801,-0.020927,1,0.0,4,H,750
-0.002509,-0.026144,1,0.0,4,H,750
-0.002992,-0.031685,1,0.0,4,H,750
-0.0036321,-0.037399,1,0.0,4,H,750
-0.0040589,-0.042866,1,0.0,4,H,750
-0.0046504,-0.04886,1,0.0,4,H,750
-0.0054216,-0.054869,1,0.0,4,H,750
-0.0058446,-0.06108,1,0.0,4,H,750
-0.006481,-0.067384,1,0.0,4,H,750
-0.007196,-0.073785,1,0.0,4,H,750
-0.007679,-0.080572,1,0.0,4,H,750
-0.0084239,-0.087137,1,0.0,4,H,750
-0.0091727,-0.093961,1,0.0,4,H,750
-0.0098765,-0.10092,1,0.0,4,H,750
-0.010741,-0.10785,1,0.0,4,H,750
-0.01143,-0.11513,1,0.0,4,H,750
-0.0121,-0.12232,1,0.0,4,H,750
-0.012808,-0.12945,1,0.0,4,H,750
-0.013631,-0.13661,1,0.0,4,H,750
-0.014526,-0.1437,1,0.0,4,H,750
-0.015091,-0.15059,1,0.0,4,H,750
-0.01575,-0.1574,1,0.0,4,H,750
-0.016506,-0.1642,1,0.0,4,H,750
-0.017083,-0.17057,1,0.0,4,H,750
-0.017674,-0.17693,1,0.0,4,H,750
-0.018389,-0.18322,1,0.0,4,H,750
-0.019093,-0.18897,1,0.0,4,H,750
-0.019617,-0.19466,1,0.0,4,H,750
-0.020145,-0.20014,1,0.0,4,H,750
-0.020752,-0.20528,1,0.0,4,H,750
-0.02141,-0.21026,1,0.0,4,H,750
-0.022036,-0.21499,1,0.0,4,H,750
-0.022515,-0.21925,1,0.0,4,H,750
-0.022885,-0.223,1,0.0,4,H,750
-0.023245,-0.22683,1,0.0,4,H,750
-0.023638,-0.23041,1,0.0,4,H,750
-0.024009,-0.23346,1,0.0,4,H,750
-0.024375,-0.23624,1,0.0,4,H,750
-0.024652,-0.23896,1,0.0,4,H,750
-0.024892,-0.24148,1,0.0,4,H,750
-0.025278,-0.24355,1,0.0,4,H,750
-0.025469,-0.2456,1,0.0,4,H,750
-0.025682,-0.24745,1,0.0,4,H,750
-0.02597,-0.24929,1,0.0,4,H,750
-0.026045,-0.25094,1,0.0,4,H,750
-0.026375,-0.25223,1,0.0,4,H,750
-0.026494,-0.2538,1,0.0,4,H,750
-0.02661,-0.25486,1,0.0,4,H,750
-0.026891,-0.25594,1,0.0,4,H,750
-0.026895,-0.25705,1,0.0,4,H,750
-0.027191,-0.25784,1,0.0,4,H,750
-0.02731,-0.25874,1,0.0,4,H,750
-0.027146,-0.25937,1,0.0,4,H,750
-0.027426,-0.26016,1,0.0,4,H,750
-0.02782,-0.26098,1,0.0,4,H,750
-0.027857,-0.26178,1,0.0,4,H,750
-0.028037,-0.26273,1,0.0,4,H,750
-0.028258,-0.26364,1,0.0,4,H,750
-0.028404,-0.2645,1,0.0,4,H,750
-0.028583,-0.26536,1,0.0,4,H,750
-0.028613,-0.26642,1,0.0,4,H,750
-0.029003,-0.26724,1,0.0,4,H,750
-0.029096,-0.26773,1,0.0,4,H,750
-0.028984,-0.26834,1,0.0,4,H,750
-0.02928,-0.26897,1,0.0,4,H,750
-0.029433,-0.26918,1,0.0,4,H,750
-0.029392,-0.26932,1,0.0,4,H,750
-0.029324,-0.26946,1,0.0,4,H,750
-0.029519,-0.26926,1,0.0,4,H,750
-0.029613,-0.26905,1,0.0,4,H,750
-0.029463,-0.26854,1,0.0,4,H,750
-0.029493,-0.26778,1,0.0,4,H,750
-0.029456,-0.26688,1,0.0,4,H,750
-0.029381,-0.26554,1,0.0,4,H,750
-0.029298,-0.2641,1,0.0,4,H,750
-0.028969,-0.26236,1,0.0,4,H,750
-0.02883,-0.26023,1,0.0,4,H,750
-0.028576,-0.25772,1,0.0,4,H,750
-0.028074,-0.2551,1,0.0,4,H,750
-0.027969,-0.25237,1,0.0,4,H,750
-0.02764,-0.24918,1,0.0,4,H,750
-0.027217,-0.24591,1,0.0,4,H,750
-0.027033,-0.24243,1,0.0,4,H,750
-0.026569,-0.23882,1,0.0,4,H,750
-0.026079,-0.23514,1,0.0,4,H,750
-0.025674,-0.23109,1,0.0,4,H,750
-0.025304,-0.22686,1,0.0,4,H,750
-0.024836,-0.22223,1,0.0,4,H,750
-0.024132,-0.21741,1,0.0,4,H,750
-0.02366,-0.21274,1,0.0,4,H,750
-0.02329,-0.20766,1,0.0,4,H,750
-0.022511,-0.20209,1,0.0,4,H,750
-0.02195,-0.19664,1,0.0,4,H,750
-0.021474,-0.19105,1,0.0,4,H,750
-0.020714,-0.18527,1,0.0,4,H,750
-0.020171,-0.17949,1,0.0,4,H,750
-0.019486,-0.1734,1,0.0,4,H,750
-0.018809,-0.16716,1,0.0,4,H,750
-0.018228,-0.16077,1,0.0,4,H,750
-0.017585,-0.15429,1,0.0,4,H,750
-0.016884,-0.14775,1,0.0,4,H,750
-0.015975,-0.14104,1,0.0,4,H,750
-0.015353,-0.13421,1,0.0,4,H,750
-0.014586,-0.12746,1,0.0,4,H,750
-0.013811,-0.12053,1,0.0,4,H,750
-0.013272,-0.11362,1,0.0,4,H,750
-0.012512,-0.1071,1,0.0,4,H,750
-0.011973,-0.10025,1,0.0,4,H,750
-0.011228,-0.093535,1,0.0,4,H,750
-0.010412,-0.087175,1,0.0,4,H,750
-0.009824,-0.080721,1,0.0,4,H,750
-0.0090903,-0.074522,1,0.0,4,H,750
-0.0086373,-0.068344,1,0.0,4,H,750
-0.008072,-0.062141,1,0.0,4,H,750
-0.0072222,-0.05633,1,0.0,4,H,750
-0.006657,-0.050632,1,0.0,4,H,750
-0.0061778,-0.044776,1,0.0,4,H,750
-0.0055414,-0.039197,1,0.0,4,H,750
-0.0049124,-0.033726,1,0.0,4,H,750
-0.0045268,-0.028262,1,0.0,4,H,750
-0.0041188,-0.022874,1,0.0,4,H,750
-0.0034,-0.017564,1,0.0,4,H,750
-0.0028235,-0.012396,1,0.0,4,H,750
-0.002393,-0.0070705,1,0.0,4,H,750
-0.0017603,-0.0017305,1,0.0,4,H,750
-0.0013672,0.0038301,1,0.0,4,H,750
-0.00099288,0.0093719,1,0.0,4,H,750
-0.0003078,0.014574,1,0.0,4,H,750
0.00020133,0.020097,1,0.0,4,H,750
0.00070297,0.025713,1,0.0,4,H,750
0.0011896,0.031124,1,0.0,4,H,750
0.0017512,0.036689,1,0.0,4,H,750
0.0024662,0.042305,1,0.0,4,H,750
0.0028705,0.048176,1,0.0,4,H,750
0.0036118,0.054114,1,0.0,4,H,750
0.0042744,0.060097,1,0.0,4,H,750
0.0045851,0.06676,1,0.0,4,H,750
0.0055247,0.073116,1,0.0,4,H,750
0.0062136,0.079342,1,0.0,4,H,750
0.0066291,0.086057,1,0.0,4,H,750
0.0074564,0.092851,1,0.0,4,H,750
0.0080928,0.099917,1,0.0,4,H,750
0.0088378,0.10692,1,0.0,4,H,750
0.0096689,0.11409,1,0.0,4,H,750
0.010294,0.12119,1,0.0,4,H,750
0.011076,0.12826,1,0.0,4,H,750
0.01178,0.13545,1,0.0,4,H,750
0.012623,0.14241,1,0.0,4,H,750
0.013326,0.14947,1,0.0,4,H,750
0.013802,0.15635,1,0.0,4,H,750
0.014652,0.16303,1,0.0,4,H,750
0.015337,0.16945,1,0.0,4,H,750
0.015954,0.17566,1,0.0,4,H,750
0.016595,0.18173,1,0.0,4,H,750
0.017096,0.18761,1,0.0,4,H,750
0.017748,0.19324,1,0.0,4,H,750
0.018496,0.19861,1,0.0,4,H,750
0.018987,0.20383,1,0.0,4,H,750
0.019447,0.20867,1,0.0,4,H,750
0.020147,0.21338,1,0.0,4,H,750
0.020548,0.21759,1,0.0,4,H,750
0.020975,0.22134,1,0.0,4,H,750
0.02142,0.22517,1,0.0,4,H,750
0.021742,0.22857,1,0.0,4,H,750
0.022274,0.23183,1,0.0,4,H,750
0.022532,0.23481,1,0.0,4,H,750
0.02267,0.23727,1,0.0,4,H,750
0.023064,0.23993,1,0.0,4,H,750
0.023412,0.24221,1,0.0,4,H,750
0.023468,0.24412,1,0.0,4,H,750
0.023651,0.24621,1,0.0,4,H,750
0.024059,0.2479,1,0.0,4,H,750
0.024239,0.24951,1,0.0,4,H,750
0.024407,0.25102,1,0.0,4,H,750
0.024793,0.2523,1,0.0,4,H,750
0.02492,0.25355,1,0.0,4,H,750
0.024969,0.25458,1,0.0,4,H,750
0.025313,0.25559,1,0.0,4,H,750
0.025463,0.25647,1,0.0,4,H,750
0.025504,0.25737,1,0.0,4,H,750
0.025583,0.25811,1,0.0,4,H,750
0.025673,0.2589,1,0.0,4,H,750
0.025875,0.25979,1,0.0,4,H,750
0.026062,0.26041,1,0.0,4,H,750
0.026208,0.26143,1,0.0,4,H,750
0.026384,0.26231,1,0.0,4,H,750
0.026519,0.26319,1,0.0,4,H,750
0.026478,0.26422,1,0.0,4,H,750
0.026822,0.26491,1,0.0,4,H,750
0.027129,0.26588,1,0.0,4,H,750
0.027084,0.26663,1,0.0,4,H,750
0.02729,0.26714,1,0.0,4,H,750
0.027335,0.26783,1,0.0,4,H,750
0.02747,0.26822,1,0.0,4,H,750
0.027721,0.26844,1,0.0,4,H,750
0.027691,0.26851,1,0.0,4,H,750
0.027619,0.26841,1,0.0,4,H,750
0.027694,0.26813,1,0.0,4,H,750
0.027792,0.26773,1,0.0,4,H,750
0.027642,0.26717,1,0.0,4,H,750
0.027593,0.26617,1,0.0,4,H,750
0.027575,0.26516,1,0.0,4,H,750
0.02741,0.26375,1,0.0,4,H,750
0.027268,0.26196,1,0.0,4,H,750
0.027103,0.25991,1,0.0,4,H,750
0.026897,0.25735,1,0.0,4,H,750
0.026538,0.25505,1,0.0,4,H,750
0.026231,0.25223,1,0.0,4,H,750
0.025939,0.24901,1,0.0,4,H,750
0.025512,0.24608,1,0.0,4,H,750
0.025197,0.24271,1,0.0,4,H,750
0.024812,0.2391,1,0.0,4,H,750
0.024366,0.23531,1,0.0,4,H,750
0.023969,0.23124,1,0.0,4,H,750
0.023576,0.22708,1,0.0,4,H,750
0.02318,0.22276,1,0.0,4,H,750
0.022655,0.21805,1,0.0,4,H,750
0.022094,0.21312,1,0.0,4,H,750
0.021506,0.208,1,0.0,4,H,750
0.020978,0.2027,1,0.0,4,H,750
0.020361,0.19733,1,0.0,4,H,750
0.019616,0.19163,1,0.0,4,H,750
0.019118,0.18591,1,0.0,4,H,750
0.018459,0.1801,1,0.0,4,H,750
0.017822,0.17401,1,0.0,4,H,750
0.017328,0.16797,1,0.0,4,H,750
0.01658,0.16161,1,0.0,4,H,750
0.015977,0.15501,1,0.0,4,H,750
0.015247,0.14833,1,0.0,4,H,750
0.014449,0.14164,1,0.0,4,H,750
0.013764,0.13493,1,0.0,4,H,750
0.013001,0.12805,1,0.0,4,H,750
0.012334,0.12133,1,0.0,4,H,750
0.011675,0.11442,1,0.0,4,H,750
0.010893,0.1075,1,0.0,4,H,750
0.010054,0.10083,1,0.0,4,H,750
0.0094555,0.09414,1,0.0,4,H,750
0.0088678,0.087529,1,0.0,4,H,750
0.0082688,0.080967,1,0.0,4,H,750
0.0075949,0.074742,1,0.0,4,H,750
0.0068275,0.068576,1,0.0,4,H,750
0.0062735,0.062346,1,0.0,4,H,750
0.0056745,0.056423,1,0.0,4,H,750
0.0051242,0.050646,1,0.0,4,H,750
0.0045027,0.045067,1,0.0,4,H,750
0.0038102,0.039372,1,0.0,4,H,750
0.0033235,0.033819,1,0.0,4,H,750
0.0027694,0.028482,1,0.0,4,H,750
0.0022004,0.022888,1,0.0,4,H,750
0.0017998,0.017574,1,0.0,4,H,750
0.0012271,0.012268,1,0.0,4,H,750
0.00068051,0.0069018,1,0.0,4,H,750
0.00030241,0.0017411,1,0.0,4,H,750
-0.0003078,-0.0036998,1,0.0,4,H,750
-0.00080944,-0.0092267,1,0.0,4,H,750
-0.0012886,-0.014679,1,0.0,4,H,750
-0.0019625,-0.020071,1,0.0,4,H,750
-0.0024379,-0.025512,1,0.0,4,H,750
-0.0028535,-0.03105,1,0.0,4,H,750
-0.0033925,-0.03679,1,0.0,4,H,750
-0.003999,-0.042616,1,0.0,4,H,750
-0.0046466,-0.048266,1,0.0,4,H,750
-0.0051745,-0.054182,1,0.0,4,H,750
-0.0058483,-0.060206,1,0.0,4,H,750
-0.0064436,-0.066442,1,0.0,4,H,750
-0.0069302,-0.072844,1,0.0,4,H,750
-0.00778,-0.079267,1,0.0,4,H,750
-0.008409,-0.086042,1,0.0,4,H,750
-0.008978,-0.092803,1,0.0,4,H,750
-0.0098203,-0.099697,1,0.0,4,H,750
-0.010535,-0.10672,1,0.0,4,H,750
-0.011179,-0.11415,1,0.0,4,H,750
-0.011973,-0.12146,1,0.0,4,H,750
-0.012635,-0.12831,1,0.0,4,H,750
-0.01344,-0.13556,1,0.0,4,H,750
-0.01441,-0.14261,1,0.0,4,H,750
-0.014889,-0.14963,1,0.0,4,H,750
-0.015675,-0.15661,1,0.0,4,H,750
-0.016461,-0.16331,1,0.0,4,H,750
-0.017012,-0.16986,1,0.0,4,H,750
-0.017693,-0.17619,1,0.0,4,H,750
-0.018213,-0.18235,1,0.0,4,H,750
-0.018958,-0.18807,1,0.0,4,H,750
-0.019542,-0.19389,1,0.0,4,H,750
-0.020153,-0.19939,1,0.0,4,H,750
-0.020797,-0.20445,1,0.0,4,H,750
-0.021272,-0.20937,1,0.0,4,H,750
-0.021882,-0.2139,1,0.0,4,H,750
-0.022373,-0.21829,1,0.0,4,H,750
-0.022841,-0.22222,1,0.0,4,H,750
-0.023256,-0.22593,1,0.0,4,H,750
-0.023563,-0.22946,1,0.0,4,H,750
-0.023915,-0.23264,1,0.0,4,H,750
-0.02436,-0.23557,1,0.0,4,H,750
-0.024589,-0.23825,1,0.0,4,H,750
-0.024798,-0.24079,1,0.0,4,H,750
-0.025214,-0.24307,1,0.0,4,H,750
-0.02551,-0.24522,1,0.0,4,H,750
-0.025678,-0.24714,1,0.0,4,H,750
-0.025888,-0.24885,1,0.0,4,H,750
-0.026273,-0.25045,1,0.0,4,H,750
-0.026315,-0.25183,1,0.0,4,H,750
-0.026431,-0.25331,1,0.0,4,H,750
-0.026674,-0.25456,1,0.0,4,H,750
-0.026756,-0.2556,1,0.0,4,H,750
-0.026977,-0.25682,1,0.0,4,H,750
-0.026973,-0.2577,1,0.0,4,H,750
-0.027307,-0.25827,1,0.0,4,H,750
-0.027509,-0.25917,1,0.0,4,H,750
-0.027509,-0.25995,1,0.0,4,H,750
-0.027838,-0.26063,1,0.0,4,H,750
-0.027891,-0.26153,1,0.0,4,H,750
-0.027984,-0.26232,1,0.0,4,H,750
-0.028145,-0.26328,1,0.0,4,H,750
-0.028317,-0.26418,1,0.0,4,H,750
-0.028471,-0.26501,1,0.0,4,H,750
-0.028647,-0.26588,1,0.0,4,H,750
-0.028845,-0.26675,1,0.0,4,H,750
-0.028838,-0.26746,1,0.0,4,H,750
-0.02898,-0.26784,1,0.0,4,H,750
-0.029242,-0.26854,1,0.0,4,H,750
-0.029257,-0.26886,1,0.0,4,H,750
-0.029287,-0.26881,1,0.0,4,H,750
-0.029456,-0.26884,1,0.0,4,H,750
-0.029343,-0.26862,1,0.0,4,H,750
-0.029407,-0.26863,1,0.0,4,H,750
-0.029418,-0.2681,1,0.0,4,H,750
-0.029272,-0.26733,1,0.0,4,H,750
-0.029414,-0.26667,1,0.0,4,H,750
-0.029145,-0.26529,1,0.0,4,H,750
-0.029085,-0.26386,1,0.0,4,H,750
-0.02907,-0.26207,1,0.0,4,H,750
-0.028609,-0.25995,1,0.0,4,H,750
-0.028602,-0.25769,1,0.0,4,H,750
-0.028366,-0.25491,1,0.0,4,H,750
-0.027835,-0.25228,1,0.0,4,H,750
-0.027591,-0.24924,1,0.0,4,H,750
-0.027325,-0.24581,1,0.0,4,H,750
-0.026959,-0.24245,1,0.0,4,H,750
-0.026535,-0.23881,1,0.0,4,H,750
-0.026232,-0.23507,1,0.0,4,H,750
-0.025783,-0.23096,1,0.0,4,H,750
-0.025244,-0.22658,1,0.0,4,H,750
-0.024686,-0.22225,1,0.0,4,H,750
-0.024035,-0.21767,1,0.0,4,H,750
-0.02369,-0.21267,1,0.0,4,H,750
-0.023264,-0.20756,1,0.0,4,H,750
-0.022687,-0.20236,1,0.0,4,H,750
-0.022047,-0.19688,1,0.0,4,H,750
-0.021298,-0.19118,1,0.0,4,H,750
-0.020564,-0.18535,1,0.0,4,H,750
-0.020007,-0.17966,1,0.0,4,H,750
-0.019554,-0.17366,1,0.0,4,H,750
-0.018794,-0.16741,1,0.0,4,H,750
-0.018169,-0.16108,1,0.0,4,H,750
-0.017536,-0.15445,1,0.0,4,H,750
-0.016761,-0.14789,1,0.0,4,H,750
-0.016031,-0.1412,1,0.0,4,H,750
-0.015252,-0.13462,1,0.0,4,H,750
-0.014687,-0.12782,1,0.0,4,H,750
-0.014036,-0.12079,1,0.0,4,H,750
-0.013365,-0.11411,1,0.0,4,H,750
-0.012722,-0.10744,1,0.0,4,H,750
-0.011868,-0.10063,1,0.0,4,H,750
-0.011183,-0.093841,1,0.0,4,H,750
-0.010625,-0.087526,1,0.0,4,H,750
-0.0098839,-0.081244,1,0.0,4,H,750
-0.0092251,-0.074903,1,0.0,4,H,750
-0.0087496,-0.068778,1,0.0,4,H,750
-0.0080196,-0.062664,1,0.0,4,H,750
-0.0073009,-0.056753,1,0.0,4,H,750
-0.0068366,-0.050942,1,0.0,4,H,750
-0.0061927,-0.045262,1,0.0,4,H,750
-0.0055264,-0.03963,1,0.0,4,H,750
-0.0051034,-0.033935,1,0.0,4,H,750
-0.0045793,-0.028479,1,0.0,4,H,750
-0.0039241,-0.023165,1,0.0,4,H,750
-0.0034337,-0.017889,1,0.0,4,H,750
-0.0030294,-0.012582,1,0.0,4,H,750
-0.0025877,-0.0073321,1,0.0,4,H,750
-0.0020823,-0.0020257,1,0.0,4,H,750
-0.0014533,0.0035386,1,0.0,4,H,750
-0.00088432,0.0089907,1,0.0,4,H,750
-0.00042385,0.014252,1,0.0,4,H,750
0.0001901,0.019637,1,0.0,4,H,750
0.00082277,0.02531,1,0.0,4,H,750
0.0012196,0.030904,1,0.0,4,H,750
0.0018111,0.036423,1,0.0,4,H,750
0.0023202,0.042044,1,0.0,4,H,750
0.0027769,0.047888,1,0.0,4,H,750
0.0035519,0.05389,1,0.0,4,H,750
0.0041396,0.059775,1,0.0,4,H,750
0.0047723,0.066001,1,0.0,4,H,750
0.0052926,0.072256,1,0.0,4,H,750
0.0058504,0.078699,1,0.0,4,H,750
0.006659,0.08556,1,0.0,4,H,750
0.0072842,0.092096,1,0.0,4,H,750
0.007988,0.098979,1,0.0,4,H,750
0.0087704,0.10623,1,0.0,4,H,750
0.0094817,0.11313,1,0.0,4,H,750
0.010111,0.12022,1,0.0,4,H,750
0.01093,0.12755,1,0.0,4,H,750
0.011765,0.1347,1,0.0,4,H,750
0.01248,0.14187,1,0.0,4,H,750
0.013135,0.14891,1,0.0,4,H,750
0.013768,0.15562,1,0.0,4,H,750
0.014588,0.16224,1,0.0,4,H,750
0.015131,0.16859,1,0.0,4,H,750
0.015801,0.17489,1,0.0,4,H,750
0.016553,0.18108,1,0.0,4,H,750
0.01713,0.18677,1,0.0,4,H,750
0.017763,0.19249,1,0.0,4,H,750
0.018216,0.19798,1,0.0,4,H,750
0.018848,0.20293,1,0.0,4,H,750
0.019492,0.20785,1,0.0,4,H,750
0.019926,0.21264,1,0.0,4,H,750
0.020522,0.21683,1,0.0,4,H,750
0.021008,0.22062,1,0.0,4,H,750
0.021244,0.22436,1,0.0,4,H,750
0.021686,0.22763,1,0.0,4,H,750
0.022143,0.23076,1,0.0,4,H,750
0.022363,0.23394,1,0.0,4,H,750
0.022749,0.23664,1,0.0,4,H,750
0.023019,0.23918,1,0.0,4,H,750
0.023191,0.24143,1,0.0,4,H,750
0.023546,0.24349,1,0.0,4,H,750
0.023745,0.24548,1,0.0,4,H,750
0.023999,0.24718,1,0.0,4,H,750
0.024246,0.24877,1,0.0,4,H,750
0.02449,0.25019,1,0.0,4,H,750
0.024625,0.25171,1,0.0,4,H,750
0.024628,0.25301,1,0.0,4,H,750
0.024834,0.25383,1,0.0,4,H,750
0.024939,0.25484,1,0.0,4,H,750
0.025137,0.2558,1,0.0,4,H,750
0.025407,0.25647,1,0.0,4,H,750
0.025572,0.25729,1,0.0,4,H,750
0.025557,0.25811,1,0.0,4,H,750
0.025673,0.25881,1,0.0,4,H,750
0.025954,0.25964,1,0.0,4,H,750
0.025972,0.26037,1,0.0,4,H,750
0.026148,0.26116,1,0.0,4,H,750
0.026425,0.26221,1,0.0,4,H,750
0.0265,0.26301,1,0.0,4,H,750
0.026714,0.26367,1,0.0,4,H,750
0.027017,0.26455,1,0.0,4,H,750
0.026983,0.26532,1,0.0,4,H,750
0.027088,0.2659,1,0.0,4,H,750
0.027215,0.26637,1,0.0,4,H,750
0.027268,0.26674,1,0.0,4,H,750
0.027481,0.26706,1,0.0,4,H,750
0.02747,0.26711,1,0.0,4,H,750
0.027533,0.26695,1,0.0,4,H,750
0.027612,0.26671,1,0.0,4,H,750
0.027668,0.26619,1,0.0,4,H,750
0.027496,0.26554,1,0.0,4,H,750
0.027313,0.26483,1,0.0,4,H,750
0.027414,0.26366,1,0.0,4,H,750
0.027335,0.26221,1,0.0,4,H,750
0.027309,0.26065,1,0.0,4,H,750
0.027002,0.25864,1,0.0,4,H,750
0.026687,0.25627,1,0.0,4,H,750
0.026624,0.25374,1,0.0,4,H,750
0.02607,0.25101,1,0.0,4,H,750
0.025695,0.24798,1,0.0,4,H,750
0.025561,0.2449,1,0.0,4,H,750
0.025048,0.24147,1,0.0,4,H,750
0.024733,0.23779,1,0.0,4,H,750
0.024467,0.23433,1,0.0,4,H,750
0.023895,0.23021,1,0.0,4,H,750
0.023288,0.22588,1,0.0,4,H,750
0.022831,0.22162,1,0.0,4,H,750
0.022506,0.21679,1,0.0,4,H,750
0.021892,0.21199,1,0.0,4,H,750
0.021252,0.20693,1,0.0,4,H,750
0.020735,0.2016,1,0.0,4,H,750
0.020024,0.19609,1,0.0,4,H,750
0.019593,0.19044,1,0.0,4,H,750
0.019035,0.18476,1,0.0,4,H,750
0.018365,0.17877,1,0.0,4,H,750
0.017819,0.17288,1,0.0,4,H,750
0.016969,0.16684,1,0.0,4,H,750
0.016482,0.16063,1,0.0,4,H,750
0.015793,0.15422,1,0.0,4,H,750
0.014861,0.14756,1,0.0,4,H,750
0.014382,0.14096,1,0.0,4,H,750
0.013708,0.13412,1,0.0,4,H,750
0.012806,0.12726,1,0.0,4,H,750
0.012125,0.12038,1,0.0,4,H,750
0.011601,0.11372,1,0.0,4,H,750
0.010732,0.10692,1,0.0,4,H,750
0.010058,0.099902,1,0.0,4,H,750
0.0093582,0.093348,1,0.0,4,H,750
0.0085945,0.087017,1,0.0,4,H,750
0.0082838,0.080769,1,0.0,4,H,750
0.0075163,0.074349,1,0.0,4,H,750
0.00682,0.068079,1,0.0,4,H,750
0.0061986,0.062182,1,0.0,4,H,750
0.00539,0.056184,1,0.0,4,H,750
0.0049595,0.050306,1,0.0,4,H,750
0.0043492,0.044585,1,0.0,4,H,750
0.0036005,0.038942,1,0.0,4,H,750
0.0032187,0.0334,1,0.0,4,H,750
0.0027732,0.02787,1,0.0,4,H,750
0.0022116,0.022548,1,0.0,4,H,750
0.0017437,0.01726,1,0.0,4,H,750
0.0011747,0.011879,1,0.0,4,H,750
0.00072543,0.0065281,1,0.0,4,H,750
0.00015266,0.0012217,1,0.0,4,H,750
-0.00043883,-0.004081,1,0.0,4,H,750
-0.00087683,-0.0094397,1,0.0,4,H,750
-0.0014009,-0.01481,1,0.0,4,H,750
-0.0019475,-0.020277,1,0.0,4,H,750
-0.0024267,-0.025845,1,0.0,4,H,750
-0.0028572,-0.031327,1,0.0,4,H,750
-0.0036022,-0.036768,1,0.0,4,H,750
-0.0042049,-0.042635,1,0.0,4,H,750
-0.004568,-0.048412,1,0.0,4,H,750
-0.0051782,-0.054253,1,0.0,4,H,750
-0.0059007,-0.060374,1,0.0,4,H,750
-0.0063724,-0.06642,1,0.0,4,H,750
-0.0069602,-0.072885,1,0.0,4,H,750
-0.0077913,-0.079174,1,0.0,4,H,750
-0.0083229,-0.085833,1,0.0,4,H,750
-0.0090229,-0.093034,1,0.0,4,H,750
-0.0098465,-0.099828,1,0.0,4,H,750
-0.010547,-0.1068,1,0.0,4,H,750
-0.011284,-0.11387,1,0.0,4,H,750
-0.01216,-0.12112,1,0.0,4,H,750
-0.012894,-0.1285,1,0.0,4,H,750
-0.013515,-0.13563,1,0.0,4,H,750
-0.014294,-0.14276,1,0.0,4,H,750
-0.014893,-0.14973,1,0.0,4,H,750
-0.015623,-0.15652,1,0.0,4,H,750
-0.016345,-0.16313,1,0.0,4,H,750
-0.016911,-0.16956,1,0.0,4,H,750
-0.017543,-0.17589,1,0.0,4,H,750
-0.018296,-0.18205,1,0.0,4,H,750
-0.018985,-0.18787,1,0.0,4,H,750
-0.019453,-0.19331,1,0.0,4,H,750
-0.020093,-0.19869,1,0.0,4,H,750
-0.020699,-0.20384,1,0.0,4,H,750
-0.021381,-0.20885,1,0.0,4,H,750
-0.022024,-0.21361,1,0.0,4,H,750
-0.022245,-0.2177,1,0.0,4,H,750
-0.022627,-0.22158,1,0.0,4,H,750
-0.023058,-0.22513,1,0.0,4,H,750
-0.02341,-0.22854,1,0.0,4,H,750
-0.023885,-0.2318,1,0.0,4,H,750
-0.024095,-0.23477,1,0.0,4,H,750
-0.024473,-0.23765,1,0.0,4,H,750
-0.0249,-0.24009,1,0.0,4,H,750
-0.025132,-0.24227,1,0.0,4,H,750
-0.025397,-0.24452,1,0.0,4,H,750
-0.025454,-0.24664,1,0.0,4,H,750
-0.025918,-0.24834,1,0.0,4,H,750
-0.02612,-0.25,1,0.0,4,H,750
-0.026202,-0.25153,1,0.0,4,H,750
-0.026637,-0.2529,1,0.0,4,H,750
-0.026625,-0.25414,1,0.0,4,H,750
-0.026771,-0.2551,1,0.0,4,H,750
-0.026857,-0.25625,1,0.0,4,H,750
-0.027003,-0.25724,1,0.0,4,H,750
-0.027299,-0.2582,1,0.0,4,H,750
-0.027423,-0.25896,1,0.0,4,H,750
-0.027569,-0.25964,1,0.0,4,H,750
-0.027651,-0.26062,1,0.0,4,H,750
-0.027793,-0.26147,1,0.0,4,H,750
-0.027902,-0.26232,1,0.0,4,H,750
-0.028205,-0.26295,1,0.0,4,H,750
-0.028321,-0.26389,1,0.0,4,H,750
-0.028419,-0.26483,1,0.0,4,H,750
-0.028782,-0.26546,1,0.0,4,H,750
-0.028714,-0.26624,1,0.0,4,H,750
-0.028785,-0.26695,1,0.0,4,H,750
-0.02898,-0.26771,1,0.0,4,H,750
-0.029021,-0.26813,1,0.0,4,H,750
-0.029321,-0.26837,1,0.0,4,H,750
-0.029362,-0.2686,1,0.0,4,H,750
-0.029321,-0.26866,1,0.0,4,H,750
-0.029463,-0.2684,1,0.0,4,H,750
-0.029377,-0.26789,1,0.0,4,H,750
-0.029358,-0.26761,1,0.0,4,H,750
-0.029354,-0.26695,1,0.0,4,H,750
-0.029223,-0.26597,1,0.0,4,H,750
-0.029212,-0.26489,1,0.0,4,H,750
-0.029227,-0.26342,1,0.0,4,H,750
-0.029059,-0.26154,1,0.0,4,H,750
-0.028793,-0.25949,1,0.0,4,H,750
-0.028505,-0.25738,1,0.0,4,H,750
-0.028127,-0.25475,1,0.0,4,H,750
-0.027902,-0.2519,1,0.0,4,H,750
-0.02767,-0.24902,1,0.0,4,H,750
-0.027288,-0.24566,1,0.0,4,H,750
-0.026902,-0.24227,1,0.0,4,H,750
-0.026476,-0.23883,1,0.0,4,H,750
-0.026154,-0.23483,1,0.0,4,H,750
-0.025701,-0.23069,1,0.0,4,H,750
-0.025135,-0.22652,1,0.0,4,H,750
-0.024652,-0.22214,1,0.0,4,H,750
-0.024147,-0.21741,1,0.0,4,H,750
-0.023529,-0.21252,1,0.0,4,H,750
-0.023043,-0.20759,1,0.0,4,H,750
-0.022751,-0.20215,1,0.0,4,H,750
-0.021916,-0.19664,1,0.0,4,H,750
-0.021141,-0.19102,1,0.0,4,H,750
-0.020875,-0.18501,1,0.0,4,H,750
-0.020254,-0.17907,1,0.0,4,H,750
-0.019438,-0.17313,1,0.0,4,H,750
-0.018797,-0.16702,1,0.0,4,H,750
-0.01815,-0.16085,1,0.0,4,H,750
-0.017472,-0.15438,1,0.0,4,H,750
-0.01687,-0.14769,1,0.0,4,H,750
-0.016117,-0.14116,1,0.0,4,H,750
-0.015365,-0.13439,1,0.0,4,H,750
-0.014679,-0.12741,1,0.0,4,H,750
-0.014006,-0.12074,1,0.0,4,H,750
-0.013294,-0.11402,1,0.0,4,H,750
-0.012415,-0.10723,1,0.0,4,H,750
-0.011932,-0.10063,1,0.0,4,H,750
-0.011314,-0.094006,1,0.0,4,H,750
-0.010427,-0.087597,1,0.0,4,H,750
-0.0098989,-0.081263,1,0.0,4,H,750
-0.0093336,-0.074906,1,0.0,4,H,750
-0.0086411,-0.068763,1,0.0,4,H,750
-0.0078998,-0.062608,1,0.0,4,H,750
-0.0073345,-0.056525,1,0.0,4,H,750
-0.0067992,-0.050695,1,0.0,4,H,750
-0.0061516,-0.045052,1,0.0,4,H,750
-0.0056237,-0.039331,1,0.0,4,H,750
-0.0049761,-0.033718,1,0.0,4,H,750
-0.0044445,-0.028393,1,0.0,4,H,750
-0.0040102,-0.02293,1,0.0,4,H,750
-0.00343,-0.017455,1,0.0,4,H,750
-0.0030257,-0.012209,1,0.0,4,H,750
-0.0025465,-0.0069061,1,0.0,4,H,750
-0.0020598,-0.001652,1,0.0,4,H,750
-0.001502,0.0037254,1,0.0,4,H,750
-0.00075703,0.0090505,1,0.0,4,H,750
-0.00036021,0.014293,1,0.0,4,H,750
9.2765e-05,0.019914,1,0.0,4,H,750
0.00065805,0.025321,1,0.0,4,H,750
0.0011297,0.030855,1,0.0,4,H,750
0.0017474,0.036513,1,0.0,4,H,750
0.0023651,0.042189,1,0.0,4,H,750
0.0029679,0.048079,1,0.0,4,H,750
0.0033871,0.053815,1,0.0,4,H,750
0.0038738,0.059902,1,0.0,4,H,750
0.0047011,0.066035,1,0.0,4,H,750
0.0053787,0.072361,1,0.0,4,H,750
0.0060226,0.079002,1,0.0,4,H,750
0.006689,0.085508,1,0.0,4,H,750
0.0073404,0.092309,1,0.0,4,H,750
0.0080666,0.099327,1,0.0,4,H,750
0.008718,0.10637,1,0.0,4,H,750
0.0095042,0.11333,1,0.0,4,H,750
0.010144,0.12056,1,0.0,4,H,750
0.010837,0.12793,1,0.0,4,H,750
0.011709,0.13497,1,0.0,4,H,750
0.01242,0.14208,1,0.0,4,H,750
0.013124,0.14906,1,0.0,4,H,750
0.013888,0.15588,1,0.0,4,H,750
0.014693,0.16256,1,0.0,4,H,750
0.015296,0.16884,1,0.0,4,H,750
0.015895,0.17519,1,0.0,4,H,750
0.016523,0.18135,1,0.0,4,H,750
0.017036,0.187,1,0.0,4,H,750
0.017684,0.19265,1,0.0,4,H,750
0.018264,0.19793,1,0.0,4,H,750
0.018732,0.20294,1,0.0,4,H,750
0.01956,0.20805,1,0.0,4,H,750
0.020346,0.21257,1,0.0,4,H,750
0.020477,0.21668,1,0.0,4,H,750
0.020806,0.22067,1,0.0,4,H,750
0.021502,0.22445,1,0.0,4,H,750
0.021727,0.2278,1,0.0,4,H,750
0.02203,0.23087,1,0.0,4,H,750
0.022491,0.23392,1,0.0,4,H,750
0.022547,0.23662,1,0.0,4,H,750
0.022989,0.23931,1,0.0,4,H,750
0.023438,0.24153,1,0.0,4,H,750
0.023528,0.24359,1,0.0,4,H,750
0.02388,0.24578,1,0.0,4,H,750
0.024044,0.24749,1,0.0,4,H,750
0.024239,0.24933,1,0.0,4,H,750
0.024441,0.25084,1,0.0,4,H,750
0.024658,0.2522,1,0.0,4,H,750
0.024988,0.25352,1,0.0,4,H,750
0.024947,0.25444,1,0.0,4,H,750
0.025044,0.25557,1,0.0,4,H,750
0.025227,0.25663,1,0.0,4,H,750
0.025392,0.25742,1,0.0,4,H,750
0.025665,0.2581,1,0.0,4,H,750
0.025759,0.25895,1,0.0,4,H,750
0.025886,0.25982,1,0.0,4,H,750
0.02601,0.26051,1,0.0,4,H,750
0.0261,0.26127,1,0.0,4,H,750
0.026302,0.26213,1,0.0,4,H,750
0.026515,0.26296,1,0.0,4,H,750
0.026695,0.26372,1,0.0,4,H,750
0.026747,0.26467,1,0.0,4,H,750
0.026949,0.26537,1,0.0,4,H,750
0.027144,0.26583,1,0.0,4,H,750
0.02723,0.26666,1,0.0,4,H,750
0.027522,0.26729,1,0.0,4,H,750
0.027481,0.26754,1,0.0,4,H,750
0.027271,0.26784,1,0.0,4,H,750
0.027444,0.26777,1,0.0,4,H,750
0.027541,0.26759,1,0.0,4,H,750
0.027522,0.26735,1,0.0,4,H,750
0.0275,0.26674,1,0.0,4,H,750
0.027417,0.26609,1,0.0,4,H,750
0.027593,0.26527,1,0.0,4,H,750
0.02753,0.26429,1,0.0,4,H,750
0.027286,0.26295,1,0.0,4,H,750
0.027335,0.26132,1,0.0,4,H,750
0.027159,0.25937,1,0.0,4,H,750
0.026788,0.2571,1,0.0,4,H,750
0.026496,0.25471,1,0.0,4,H,750
0.026257,0.25196,1,0.0,4,H,750
0.025838,0.2492,1,0.0,4,H,750
0.025463,0.24597,1,0.0,4,H,750
0.025291,0.24248,1,0.0,4,H,750
0.024902,0.23884,1,0.0,4,H,750
0.024445,0.23483,1,0.0,4,H,750
0.023951,0.23094,1,0.0,4,H,750
0.023352,0.2268,1,0.0,4,H,750
0.022936,0.2223,1,0.0,4,H,750
0.022506,0.21751,1,0.0,4,H,750
0.021847,0.21277,1,0.0,4,H,750
0.021413,0.20784,1,0.0,4,H,750
0.020885,0.20243,1,0.0,4,H,750
0.020192,0.19684,1,0.0,4,H,750
0.019735,0.19118,1,0.0,4,H,750
0.019054,0.18552,1,0.0,4,H,750
0.018339,0.17947,1,0.0,4,H,750
0.017759,0.17332,1,0.0,4,H,750
0.017074,0.16726,1,0.0,4,H,750
0.016404,0.16096,1,0.0,4,H,750
0.015741,0.15454,1,0.0,4,H,750
0.015101,0.14803,1,0.0,4,H,750
0.014427,0.14143,1,0.0,4,H,750
0.013667,0.13459,1,0.0,4,H,750
0.012971,0.12786,1,0.0,4,H,750
0.012349,0.12102,1,0.0,4,H,750
0.011627,0.11398,1,0.0,4,H,750
0.010874,0.10742,1,0.0,4,H,750
0.010219,0.10066,1,0.0,4,H,750
0.0095304,0.093904,1,0.0,4,H,750
0.0088827,0.087552,1,0.0,4,H,750
0.008164,0.081139,1,0.0,4,H,750
0.0073554,0.074906,1,0.0,4,H,750
0.0069398,0.068677,1,0.0,4,H,750
0.0064719,0.062488,1,0.0,4,H,750
0.0056183,0.05655,1,0.0,4,H,750
0.0049295,0.050571,1,0.0,4,H,750
0.0044952,0.044682,1,0.0,4,H,750
0.0039824,0.039151,1,0.0,4,H,750
0.0033722,0.033572,1,0.0,4,H,750
0.0028743,0.027918,1,0.0,4,H,750
0.0022977,0.022488,1,0.0,4,H,750
0.0017811,0.017141,1,0.0,4,H,750
0.0012383,0.011932,1,0.0,4,H,750
0.00056072,0.0066178,1,0.0,4,H,750
0.00019759,0.0011806,1,0.0,4,H,750
-0.00031154,-0.0040735,1,0.0,4,H,750
-0.00085811,-0.0093724,1,0.0,4,H,750
-0.0012886,-0.014866,1,0.0,4,H,750
-0.00197,-0.02034,1,0.0,4,H,750
-0.0024304,-0.025871,1,0.0,4,H,750
-0.0030069,-0.031458,1,0.0,4,H,750
-0.0036022,-0.03725,1,0.0,4,H,750
-0.0039803,-0.043057,1,0.0,4,H,750
-0.0047028,-0.048625,1,0.0,4,H,750
-0.0052269,-0.054638,1,0.0,4,H,750
-0.0055751,-0.060669,1,0.0,4,H,750
-0.00632,-0.066883,1,0.0,4,H,750
-0.0071399,-0.073415,1,0.0,4,H,750
-0.0076977,-0.079604,1,0.0,4,H,750
-0.0083902,-0.086259,1,0.0,4,H,750
-0.0093261,-0.093187,1,0.0,4,H,750
-0.0098952,-0.10006,1,0.0,4,H,750
-0.01046,-0.10704,1,0.0,4,H,750
-0.011146,-0.11418,1,0.0,4,H,750
-0.011849,-0.12159,1,0.0,4,H,750
-0.012718,-0.12887,1,0.0,4,H,750
-0.013545,-0.13606,1,0.0,4,H,750
-0.014238,-0.14326,1,0.0,4,H,750
-0.014811,-0.15034,1,0.0,4,H,750
-0.015716,-0.15719,1,0.0,4,H,750
-0.01645,-0.16389,1,0.0,4,H,750
-0.016956,-0.17038,1,0.0,4,H,750
-0.017768,-0.1766,1,0.0,4,H,750
-0.018371,-0.18268,1,0.0,4,H,750
-0.018988,-0.18849,1,0.0,4,H,750
-0.019591,-0.1942,1,0.0,4,H,750
-0.020052,-0.19954,1,0.0,4,H,750
-0.020632,-0.20451,1,0.0,4,H,750
-0.021212,-0.20955,1,0.0,4,H,750
-0.02189,-0.21417,1,0.0,4,H,750
-0.022425,-0.21833,1,0.0,4,H,750
-0.022751,-0.22235,1,0.0,4,H,750
-0.023144,-0.226,1,0.0,4,H,750
-0.023556,-0.22938,1,0.0,4,H,750
-0.02396,-0.23257,1,0.0,4,H,750
-0.024297,-0.23534,1,0.0,4,H,750
-0.024559,-0.23818,1,0.0,4,H,750
-0.024948,-0.24097,1,0.0,4,H,750
-0.025386,-0.24327,1,0.0,4,H,750
-0.02545,-0.24543,1,0.0,4,H,750
-0.025558,-0.24747,1,0.0,4,H,750
-0.025981,-0.24938,1,0.0,4,H,750
-0.026285,-0.25108,1,0.0,4,H,750
-0.026367,-0.25254,1,0.0,4,H,750
-0.026461,-0.25396,1,0.0,4,H,750
-0.026805,-0.2553,1,0.0,4,H,750
-0.02694,-0.25644,1,0.0,4,H,750
-0.027179,-0.25751,1,0.0,4,H,750
-0.027307,-0.25858,1,0.0,4,H,750
-0.027236,-0.25939,1,0.0,4,H,750
-0.027554,-0.26034,1,0.0,4,H,750
-0.027569,-0.2613,1,0.0,4,H,750
-0.027726,-0.26186,1,0.0,4,H,750
-0.028052,-0.26272,1,0.0,4,H,750
-0.028145,-0.26371,1,0.0,4,H,750
-0.028314,-0.26448,1,0.0,4,H,750
-0.028478,-0.2652,1,0.0,4,H,750
-0.028643,-0.26586,1,0.0,4,H,750
-0.028737,-0.26661,1,0.0,4,H,750
-0.028868,-0.26736,1,0.0,4,H,750
-0.028943,-0.26801,1,0.0,4,H,750
-0.029134,-0.26856,1,0.0,4,H,750
-0.02922,-0.26899,1,0.0,4,H,750
-0.029152,-0.26938,1,0.0,4,H,750
-0.029504,-0.26954,1,0.0,4,H,750
-0.029616,-0.26951,1,0.0,4,H,750
-0.029433,-0.26931,1,0.0,4,H,750
-0.029579,-0.26893,1,0.0,4,H,750
-0.029602,-0.2685,1,0.0,4,H,750
-0.029418,-0.26772,1,0.0,4,H,750
-0.02922,-0.26661,1,0.0,4,H,750
-0.029152,-0.26554,1,0.0,4,H,750
-0.029242,-0.26415,1,0.0,4,H,750
-0.028961,-0.26228,1,0.0,4,H,750
-0.028763,-0.26021,1,0.0,4,H,750
-0.028662,-0.25809,1,0.0,4,H,750
-0.02828,-0.25571,1,0.0,4,H,750
-0.027891,-0.25287,1,0.0,4,H,750
-0.027591,-0.24994,1,0.0,4,H,750
-0.027355,-0.24667,1,0.0,4,H,750
-0.026977,-0.24296,1,0.0,4,H,750
-0.026622,-0.23943,1,0.0,4,H,750
-0.026097,-0.23554,1,0.0,4,H,750
-0.025592,-0.23122,1,0.0,4,H,750
-0.025319,-0.22702,1,0.0,4,H,750
-0.02472,-0.22266,1,0.0,4,H,750
-0.024233,-0.21779,1,0.0,4,H,750
-0.023758,-0.21281,1,0.0,4,H,750
-0.023061,-0.20785,1,0.0,4,H,750
-0.022597,-0.20234,1,0.0,4,H,750
-0.021942,-0.19678,1,0.0,4,H,750
-0.021343,-0.19121,1,0.0,4,H,750
-0.020868,-0.18524,1,0.0,4,H,750
-0.020055,-0.17921,1,0.0,4,H,750
-0.019318,-0.17299,1,0.0,4,H,750
-0.018745,-0.16676,1,0.0,4,H,750
-0.018247,-0.16051,1,0.0,4,H,750
-0.017397,-0.15428,1,0.0,4,H,750
-0.016649,-0.14781,1,0.0,4,H,750
-0.016177,-0.14109,1,0.0,4,H,750
-0.01532,-0.13432,1,0.0,4,H,750
-0.014687,-0.12746,1,0.0,4,H,750
-0.014043,-0.12089,1,0.0,4,H,750
-0.013268,-0.11412,1,0.0,4,H,750
-0.012542,-0.10729,1,0.0,4,H,750
-0.011827,-0.10068,1,0.0,4,H,750
-0.011295,-0.094099,1,0.0,4,H,750
-0.010457,-0.087571,1,0.0,4,H,750
-0.0098203,-0.081233,1,0.0,4,H,750
-0.0092475,-0.075168,1,0.0,4,H,750
-0.008555,-0.068931,1,0.0,4,H,750
-0.008087,-0.062866,1,0.0,4,H,750
-0.0073009,-0.056969,1,0.0,4,H,750
-0.0066382,-0.050934,1,0.0,4,H,750
-0.0060992,-0.045164,1,0.0,4,H,750
-0.0054964,-0.039518,1,0.0,4,H,750
-0.0050697,-0.03389,1,0.0,4,H,750
-0.0046055,-0.028382,1,0.0,4,H,750
-0.0041001,-0.022904,1,0.0,4,H,750
-0.0035385,-0.017504,1,0.0,4,H,750
-0.0029732,-0.012138,1,0.0,4,H,750
-0.0024267,-0.0069509,1,0.0,4,H,750
-0.0019887,-0.0017641,1,0.0,4,H,750
-0.0014795,0.0037366,1,0.0,4,H,750
-0.00098165,0.008972,1,0.0,4,H,750
-0.00046129,0.014402,1,0.0,4,H,750
0.00022379,0.020179,1,0.0,4,H,750
0.00078159,0.02571,1,0.0,4,H,750
0.0013244,0.031293,1,0.0,4,H,750
0.00171,0.036823,1,0.0,4,H,750
0.002279,0.042585,1,0.0,4,H,750
0.0030128,0.048467,1,0.0,4,H,750
0.0034807,0.054289,1,0.0,4,H,750
0.004192,0.060478,1,0.0,4,H,750
0.0047872,0.06661,1,0.0,4,H,750
0.0053376,0.072895,1,0.0,4,H,750
0.0062061,0.07945,1,0.0,4,H,750
0.0068537,0.086001,1,0.0,4,H,750
0.0073928,0.092821,1,0.0,4,H,750
0.0081303,0.099723,1,0.0,4,H,750
0.0088491,0.10679,1,0.0,4,H,750
0.0094892,0.11392,1,0.0,4,H,750
0.010242,0.12096,1,0.0,4,H,750
0.010878,0.12834,1,0.0,4,H,750
0.011792,0.1356,1,0.0,4,H,750
0.01263,0.14261,1,0.0,4,H,750
0.013143,0.14974,1,0.0,4,H,750
0.014019,0.15664,1,0.0,4,H,750
0.014607,0.16307,1,0.0,4,H,750
0.015172,0.16946,1,0.0,4,H,750
0.015996,0.17596,1,0.0,4,H,750
0.016561,0.18195,1,0.0,4,H,750
0.017156,0.18763,1,0.0,4,H,750
0.017826,0.19314,1,0.0,4,H,750
0.018343,0.19837,1,0.0,4,H,750
0.018766,0.20333,1,0.0,4,H,750
0.019526,0.20813,1,0.0,4,H,750
0.020278,0.21293,1,0.0,4,H,750
0.020589,0.2171,1,0.0,4,H,750
0.02093,0.22083,1,0.0,4,H,750
0.021446,0.22452,1,0.0,4,H,750
0.021809,0.22786,1,0.0,4,H,750
0.022015,0.23095,1,0.0,4,H,750
0.02236,0.23371,1,0.0,4,H,750
0.022783,0.23649,1,0.0,4,H,750
0.023093,0.23924,1,0.0,4,H,750
0.023385,0.24173,1,0.0,4,H,750
0.023629,0.24403,1,0.0,4,H,750
0.023711,0.24596,1,0.0,4,H,750
0.024033,0.24803,1,0.0,4,H,750
0.024378,0.24988,1,0.0,4,H,750
0.024333,0.25134,1,0.0,4,H,750
0.024621,0.25276,1,0.0,4,H,750
0.025059,0.254,1,0.0,4,H,750
0.025051,0.25511,1,0.0,4,H,750
0.025055,0.25621,1,0.0,4,H,750
0.02531,0.25741,1,0.0,4,H,750
0.025613,0.25821,1,0.0,4,H,750
0.025729,0.25894,1,0.0,4,H,750
0.0258,0.25999,1,0.0,4,H,750
0.026085,0.26084,1,0.0,4,H,750
0.026178,0.26149,1,0.0,4,H,750
0.026253,0.26225,1,0.0,4,H,750
0.026575,0.26331,1,0.0,4,H,750
0.026538,0.26402,1,0.0,4,H,750
0.026616,0.26467,1,0.0,4,H,750
0.026826,0.26547,1,0.0,4,H,750
0.026916,0.26609,1,0.0,4,H,750
0.027167,0.2669,1,0.0,4,H,750
0.027152,0.26747,1,0.0,4,H,750
0.027327,0.26788,1,0.0,4,H,750
0.027503,0.26834,1,0.0,4,H,750
0.027488,0.26856,1,0.0,4,H,750
0.027657,0.26862,1,0.0,4,H,750
0.027676,0.26842,1,0.0,4,H,750
0.02781,0.26797,1,0.0,4,H,750
0.027852,0.26759,1,0.0,4,H,750
0.027754,0.2669,1,0.0,4,H,750
0.027683,0.26567,1,0.0,4,H,750
0.027541,0.26471,1,0.0,4,H,750
0.027372,0.26349,1,0.0,4,H,750
0.027137,0.26157,1,0.0,4,H,750
0.026968,0.25968,1,0.0,4,H,750
0.026721,0.25752,1,0.0,4,H,750
0.02647,0.25513,1,0.0,4,H,750
0.026276,0.2524,1,0.0,4,H,750
0.025905,0.24939,1,0.0,4,H,750
0.025553,0.24636,1,0.0,4,H,750
0.025298,0.24273,1,0.0,4,H,750
0.024816,0.23915,1,0.0,4,H,750
0.024269,0.23542,1,0.0,4,H,750
0.023981,0.23115,1,0.0,4,H,750
0.023584,0.22693,1,0.0,4,H,750
0.023045,0.22236,1,0.0,4,H,750
0.022487,0.21748,1,0.0,4,H,750
0.021952,0.21267,1,0.0,4,H,750
0.021529,0.2076,1,0.0,4,H,750
0.020859,0.20212,1,0.0,4,H,750
0.020173,0.19677,1,0.0,4,H,750
0.019679,0.19116,1,0.0,4,H,750
0.018923,0.18499,1,0.0,4,H,750
0.018358,0.17902,1,0.0,4,H,750
0.017867,0.17284,1,0.0,4,H,750
0.016988,0.16655,1,0.0,4,H,750
0.016347,0.16025,1,0.0,4,H,750
0.015775,0.1536,1,0.0,4,H,750
0.015075,0.14722,1,0.0,4,H,750
0.01433,0.14073,1,0.0,4,H,750
0.0136,0.13392,1,0.0,4,H,750
0.013016,0.12713,1,0.0,4,H,750
0.012237,0.12019,1,0.0,4,H,750
0.011563,0.11347,1,0.0,4,H,750
0.011009,0.10676,1,0.0,4,H,750
0.010186,0.10002,1,0.0,4,H,750
0.0094705,0.093605,1,0.0,4,H,750
0.0088228,0.087017,1,0.0,4,H,750
0.0081116,0.080653,1,0.0,4,H,750
0.0074976,0.07451,1,0.0,4,H,750
0.0068799,0.068325,1,0.0,4,H,750
0.0063071,0.06232,1,0.0,4,H,750
0.0056146,0.056292,1,0.0,4,H,750
0.004937,0.050504,1,0.0,4,H,750
0.0045477,0.044652,1,0.0,4,H,750
0.0039786,0.038893,1,0.0,4,H,750
0.0032973,0.033389,1,0.0,4,H,750
0.0027956,0.027787,1,0.0,4,H,750
0.0022416,0.022343,1,0.0,4,H,750
0.0017512,0.016876,1,0.0,4,H,750
0.0010961,0.011565,1,0.0,4,H,750
0.0004821,0.0061357,1,0.0,4,H,750
0.00026123,0.00065742,1,0.0,4,H,750
-0.00028534,-0.0045294,1,0.0,4,H,750
-0.0009517,-0.010034,1,0.0,4,H,750
-0.0013261,-0.015363,1,0.0,4,H,750
-0.0018202,-0.020714,1,0.0,4,H,750
-0.0025839,-0.026551,1,0.0,4,H,750
-0.0032241,-0.032093,1,0.0,4,H,750
-0.0037519,-0.037665,1,0.0,4,H,750
-0.0041824,-0.043419,1,0.0,4,H,750
-0.0046092,-0.049331,1,0.0,4,H,750
-0.0053879,-0.055448,1,0.0,4,H,750
-0.0059494,-0.061289,1,0.0,4,H,750
-0.0064698,-0.067466,1,0.0,4,H,750
-0.0071436,-0.074017,1,0.0,4,H,750
-0.0077389,-0.080374,1,0.0,4,H,750
-0.0084614,-0.086936,1,0.0,4,H,750
-0.0092288,-0.093729,1,0.0,4,H,750
-0.0099476,-0.10065,1,0.0,4,H,750
-0.010547,-0.10779,1,0.0,4,H,750
-0.011202,-0.11497,1,0.0,4,H,750
-0.012081,-0.12222,1,0.0,4,H,750
-0.012942,-0.1295,1,0.0,4,H,750
-0.013586,-0.13685,1,0.0,4,H,750
-0.014249,-0.14432,1,0.0,4,H,750
-0.01502,-0.15132,1,0.0,4,H,750
-0.015818,-0.15805,1,0.0,4,H,750
-0.016465,-0.16482,1,0.0,4,H,750
-0.017135,-0.17116,1,0.0,4,H,750
-0.018008,-0.17736,1,0.0,4,H,750
-0.01858,-0.18341,1,0.0,4,H,750
-0.01906,-0.18915,1,0.0,4,H,750
-0.019591,-0.19478,1,0.0,4,H,750
-0.020186,-0.19996,1,0.0,4,H,750
-0.020838,-0.20494,1,0.0,4,H,750
-0.021354,-0.20983,1,0.0,4,H,750
-0.022047,-0.21443,1,0.0,4,H,750
-0.022522,-0.21877,1,0.0,4,H,750
-0.022784,-0.22247,1,0.0,4,H,750
-0.023181,-0.22604,1,0.0,4,H,750
-0.023615,-0.22952,1,0.0,4,H,750
-0.02408,-0.23253,1,0.0,4,H,750
-0.024274,-0.23551,1,0.0,4,H,750
-0.024604,-0.23809,1,0.0,4,H,750
-0.024967,-0.2406,1,0.0,4,H,750
-0.025068,-0.24332,1,0.0,4,H,750
-0.025502,-0.24546,1,0.0,4,H,750
-0.025787,-0.24747,1,0.0,4,H,750
-0.025843,-0.24961,1,0.0,4,H,750
-0.026101,-0.2513,1,0.0,4,H,750
-0.026401,-0.25288,1,0.0,4,H,750
-0.026565,-0.2544,1,0.0,4,H,750
-0.026637,-0.25557,1,0.0,4,H,750
-0.02688,-0.25682,1,0.0,4,H,750
-0.027045,-0.25787,1,0.0,4,H,750
-0.027239,-0.25889,1,0.0,4,H,750
-0.02758,-0.25991,1,0.0,4,H,750
-0.02767,-0.26059,1,0.0,4,H,750
-0.027651,-0.26151,1,0.0,4,H,750
-0.027752,-0.26233,1,0.0,4,H,750
-0.027969,-0.26312,1,0.0,4,H,750
-0.028205,-0.2639,1,0.0,4,H,750
-0.028389,-0.26464,1,0.0,4,H,750
-0.028617,-0.26553,1,0.0,4,H,750
-0.02877,-0.26615,1,0.0,4,H,750
-0.028819,-0.26677,1,0.0,4,H,750
-0.028909,-0.26745,1,0.0,4,H,750
-0.029014,-0.26817,1,0.0,4,H,750
-0.02925,-0.26872,1,0.0,4,H,750
-0.029298,-0.26902,1,0.0,4,H,750
-0.029328,-0.2692,1,0.0,4,H,750
-0.029553,-0.26949,1,0.0,4,H,750
-0.029553,-0.26969,1,0.0,4,H,750
-0.029527,-0.26931,1,0.0,4,H,750
-0.029564,-0.26906,1,0.0,4,H,750
-0.029456,-0.26866,1,0.0,4,H,750
-0.029373,-0.26782,1,0.0,4,H,750
-0.029426,-0.26683,1,0.0,4,H,750
-0.029339,-0.26562,1,0.0,4,H,750
-0.029126,-0.26426,1,0.0,4,H,750
-0.028935,-0.26256,1,0.0,4,H,750
-0.028778,-0.26038,1,0.0,4,H,750
-0.028696,-0.2581,1,0.0,4,H,750
-0.028512,-0.25565,1,0.0,4,H,750
-0.02816,-0.253,1,0.0,4,H,750
-0.027808,-0.25023,1,0.0,4,H,750
-0.027438,-0.24689,1,0.0,4,H,750
-0.027048,-0.24358,1,0.0,4,H,750
-0.026652,-0.23993,1,0.0,4,H,750
-0.026318,-0.23593,1,0.0,4,H,750
-0.025937,-0.23192,1,0.0,4,H,750
-0.025334,-0.22729,1,0.0,4,H,750
-0.024798,-0.22272,1,0.0,4,H,750
-0.024229,-0.21801,1,0.0,4,H,750
-0.023739,-0.21312,1,0.0,4,H,750
-0.023237,-0.20804,1,0.0,4,H,750
-0.022489,-0.20254,1,0.0,4,H,750
-0.021942,-0.19702,1,0.0,4,H,750
-0.021313,-0.19108,1,0.0,4,H,750
-0.020647,-0.18512,1,0.0,4,H,750
-0.02022,-0.17912,1,0.0,4,H,750
-0.019483,-0.17277,1,0.0,4,H,750
-0.018704,-0.16651,1,0.0,4,H,750
-0.018056,-0.15994,1,0.0,4,H,750
-0.017304,-0.15347,1,0.0,4,H,750
-0.016641,-0.14713,1,0.0,4,H,750
-0.015967,-0.14032,1,0.0,4,H,750
-0.015428,-0.13362,1,0.0,4,H,750
-0.014743,-0.12686,1,0.0,4,H,750
-0.013867,-0.12,1,0.0,4,H,750
-0.013193,-0.11341,1,0.0,4,H,750
-0.012508,-0.10669,1,0.0,4,H,750
-0.011737,-0.099981,1,0.0,4,H,750
-0.011063,-0.093569,1,0.0,4,H,750
-0.010539,-0.087171,1,0.0,4,H,750
-0.0097342,-0.080691,1,0.0,4,H,750
-0.0090753,-0.074514,1,0.0,4,H,750
-0.0086673,-0.068472,1,0.0,4,H,750
-0.0080047,-0.062347,1,0.0,4,H,750
-0.007372,-0.056513,1,0.0,4,H,750
-0.0066644,-0.050613,1,0.0,4,H,750
-0.0060879,-0.044709,1,0.0,4,H,750
-0.0056574,-0.039182,1,0.0,4,H,750
-0.0051258,-0.033741,1,0.0,4,H,750
-0.0045456,-0.02815,1,0.0,4,H,750
-0.0040252,-0.022635,1,0.0,4,H,750
-0.0035797,-0.017321,1,0.0,4,H,750
-0.0028497,-0.011936,1,0.0,4,H,750
-0.0022507,-0.006566,1,0.0,4,H,750
-0.0018913,-0.0012036,1,0.0,4,H,750
-0.0013822,0.0041066,1,0.0,4,H,750
-0.00086185,0.0094578,1,0.0,4,H,750
-0.0003939,0.014925,1,0.0,4,H,750
0.00023877,0.020269,1,0.0,4,H,750
0.00082277,0.025885,1,0.0,4,H,750
0.0010998,0.031487,1,0.0,4,H,750
0.0017287,0.036939,1,0.0,4,H,750
0.002455,0.042694,1,0.0,4,H,750
0.0029304,0.048512,1,0.0,4,H,750
0.0035257,0.054544,1,0.0,4,H,750
0.0040834,0.060586,1,0.0,4,H,750
0.0047124,0.066517,1,0.0,4,H,750
0.0054237,0.072862,1,0.0,4,H,750
0.00609,0.07939,1,0.0,4,H,750
0.0065467,0.085874,1,0.0,4,H,750
0.0072917,0.09251,1,0.0,4,H,750
0.0082388,0.099484,1,0.0,4,H,750
0.0087555,0.10653,1,0.0,4,H,750
0.0096277,0.11354,1,0.0,4,H,750
0.010448,0.12094,1,0.0,4,H,750
0.010979,0.12818,1,0.0,4,H,750
0.011821,0.13536,1,0.0,4,H,750
0.012559,0.14278,1,0.0,4,H,750
0.013281,0.14986,1,0.0,4,H,750
0.01403,0.15673,1,0.0,4,H,750
0.014741,0.16343,1,0.0,4,H,750
0.015322,0.17006,1,0.0,4,H,750
0.015936,0.17627,1,0.0,4,H,750
0.016722,0.18216,1,0.0,4,H,750
0.017265,0.18795,1,0.0,4,H,750
0.017882,0.19328,1,0.0,4,H,750
0.018373,0.1987,1,0.0,4,H,750
0.018871,0.20359,1,0.0,4,H,750
0.019657,0.20821,1,0.0,4,H,750
0.020042,0.21312,1,0.0,4,H,750
0.020447,0.2174,1,0.0,4,H,750
0.020922,0.22108,1,0.0,4,H,750
0.021233,0.2245,1,0.0,4,H,750
0.021731,0.22787,1,0.0,4,H,750
0.022128,0.23099,1,0.0,4,H,750
0.022461,0.23376,1,0.0,4,H,750
0.022723,0.23633,1,0.0,4,H,750
0.022869,0.2388,1,0.0,4,H,750
0.023183,0.24133,1,0.0,4,H,750
0.023438,0.24369,1,0.0,4,H,750
0.023726,0.24591,1,0.0,4,H,750
0.023962,0.24786,1,0.0,4,H,750
0.024175,0.24974,1,0.0,4,H,750
0.02452,0.25137,1,0.0,4,H,750
0.024576,0.25266,1,0.0,4,H,750
0.024831,0.25404,1,0.0,4,H,750
0.02507,0.25504,1,0.0,4,H,750
0.025108,0.25607,1,0.0,4,H,750
0.025452,0.2571,1,0.0,4,H,750
0.025654,0.25783,1,0.0,4,H,750
0.025894,0.25877,1,0.0,4,H,750
0.025909,0.25958,1,0.0,4,H,750
0.025856,0.26031,1,0.0,4,H,750
0.026006,0.26116,1,0.0,4,H,750
0.02613,0.26203,1,0.0,4,H,750
0.026597,0.26281,1,0.0,4,H,750
0.026695,0.26362,1,0.0,4,H,750
0.026642,0.26436,1,0.0,4,H,750
0.026856,0.26501,1,0.0,4,H,750
0.026946,0.26567,1,0.0,4,H,750
0.027152,0.26622,1,0.0,4,H,750
0.027159,0.26705,1,0.0,4,H,750
0.027253,0.26753,1,0.0,4,H,750
0.027526,0.2676,1,0.0,4,H,750
0.027481,0.268,1,0.0,4,H,750
0.02759,0.26822,1,0.0,4,H,750
0.027676,0.26803,1,0.0,4,H,750
0.027526,0.26767,1,0.0,4,H,750
0.027743,0.26719,1,0.0,4,H,750
0.027709,0.26654,1,0.0,4,H,750
0.027417,0.26557,1,0.0,4,H,750
0.027548,0.26429,1,0.0,4,H,750
0.027354,0.26302,1,0.0,4,H,750
0.027032,0.26134,1,0.0,4,H,750
0.02705,0.25939,1,0.0,4,H,750
0.026867,0.25745,1,0.0,4,H,750
0.026489,0.25499,1,0.0,4,H,750
0.026272,0.25225,1,0.0,4,H,750
0.026122,0.2494,1,0.0,4,H,750
0.025684,0.24635,1,0.0,4,H,750
0.025175,0.24291,1,0.0,4,H,750
0.024767,0.23922,1,0.0,4,H,750
0.024392,0.23554,1,0.0,4,H,750
0.023954,0.23144,1,0.0,4,H,750
0.023453,0.22706,1,0.0,4,H,750
0.023086,0.22257,1,0.0,4,H,750
0.022577,0.21778,1,0.0,4,H,750
0.021937,0.2129,1,0.0,4,H,750
0.021469,0.20777,1,0.0,4,H,750
0.020859,0.20241,1,0.0,4,H,750
0.020136,0.19681,1,0.0,4,H,750
0.019694,0.19093,1,0.0,4,H,750
0.01908,0.18521,1,0.0,4,H,750
0.018294,0.17895,1,0.0,4,H,750
0.01777,0.17268,1,0.0,4,H,750
0.01707,0.1665,1,0.0,4,H,750
0.016381,0.15992,1,0.0,4,H,750
0.015707,0.15363,1,0.0,4,H,750
0.014824,0.14698,1,0.0,4,H,750
0.014262,0.14023,1,0.0,4,H,750
0.01369,0.13364,1,0.0,4,H,750
0.012892,0.12694,1,0.0,4,H,750
0.012177,0.1202,1,0.0,4,H,750
0.011548,0.11338,1,0.0,4,H,750
0.010781,0.10682,1,0.0,4,H,750
0.009931,0.10005,1,0.0,4,H,750
0.0094069,0.09343,1,0.0,4,H,750
0.0088865,0.087148,1,0.0,4,H,750
0.0083324,0.080635,1,0.0,4,H,750
0.0075762,0.074663,1,0.0,4,H,750
0.0066927,0.068647,1,0.0,4,H,750
0.0062285,0.062361,1,0.0,4,H,750
0.0056707,0.056446,1,0.0,4,H,750
0.0050044,0.050467,1,0.0,4,H,750
0.0043867,0.044906,1,0.0,4,H,750
0.0036979,0.039196,1,0.0,4,H,750
0.0032823,0.033318,1,0.0,4,H,750
0.0028406,0.027873,1,0.0,4,H,750
0.002309,0.022455,1,0.0,4,H,750
0.0017998,0.017062,1,0.0,4,H,750
0.0012009,0.011539,1,0.0,4,H,750
0.00073292,0.0062628,1,0.0,4,H,750
0.00016389,0.00093395,1,0.0,4,H,750
-0.00034149,-0.0044098,1,0.0,4,H,750
-0.00079821,-0.0096303,1,0.0,4,H,750
-0.001371,-0.015026,1,0.0,4,H,750
-0.0017903,-0.020452,1,0.0,4,H,750
-0.0023668,-0.026162,1,0.0,4,H,750
-0.002947,-0.031727,1,0.0,4,H,750
-0.0035535,-0.037362,1,0.0,4,H,750
-0.0040888,-0.043135,1,0.0,4,H,750
-0.004553,-0.048711,1,0.0,4,H,750
-0.005298,-0.0546,1,0.0,4,H,750
-0.0058671,-0.060602,1,0.0,4,H,750
-0.0064698,-0.066674,1,0.0,4,H,750
-0.00708,-0.073031,1,0.0,4,H,750
-0.0076453,-0.079391,1,0.0,4,H,750
-0.0084539,-0.085953,1,0.0,4,H,750
-0.0091277,-0.092773,1,0.0,4,H,750
-0.0098278,-0.099596,1,0.0,4,H,750
-0.010487,-0.10666,1,0.0,4,H,750
-0.011086,-0.11389,1,0.0,4,H,750
-0.012104,-0.12117,1,0.0,4,H,750
-0.012864,-0.12856,1,0.0,4,H,750
-0.013467,-0.13596,1,0.0,4,H,750
-0.014283,-0.14327,1,0.0,4,H,750
-0.015009,-0.15038,1,0.0,4,H,750
-0.015739,-0.15745,1,0.0,4,H,750
-0.016364,-0.16413,1,0.0,4,H,750
-0.017173,-0.17049,1,0.0,4,H,750
-0.017787,-0.17682,1,0.0,4,H,750
-0.018296,-0.18278,1,0.0,4,H,750
-0.019033,-0.18849,1,0.0,4,H,750
-0.01949,-0.19397,1,0.0,4,H,750
-0.020096,-0.1993,1,0.0,4,H,750
-0.020733,-0.20431,1,0.0,4,H,750
-0.021283,-0.20905,1,0.0,4,H,750
-0.021897,-0.2136,1,0.0,4,H,750
-0.022313,-0.2177,1,0.0,4,H,750
-0.022736,-0.22148,1,0.0,4,H,750
-0.023151,-0.22507,1,0.0,4,H,750
-0.023421,-0.22833,1,0.0,4,H,750
-0.023683,-0.23125,1,0.0,4,H,750
-0.024121,-0.23424,1,0.0,4,H,750
-0.024548,-0.23696,1,0.0,4,H,750
-0.024798,-0.23951,1,0.0,4,H,750
-0.025016,-0.24192,1,0.0,4,H,750
-0.025214,-0.24408,1,0.0,4,H,750
-0.025461,-0.24638,1,0.0,4,H,750
-0.025779,-0.24838,1,0.0,4,H,750
-0.026079,-0.25019,1,0.0,4,H,750
-0.026229,-0.25189,1,0.0,4,H,750
-0.026345,-0.25332,1,0.0,4,H,750
-0.026595,-0.2548,1,0.0,4,H,750
-0.026835,-0.25591,1,0.0,4,H,750
-0.027063,-0.25693,1,0.0,4,H,750
-0.027284,-0.25796,1,0.0,4,H,750
-0.027355,-0.25886,1,0.0,4,H,750
-0.027445,-0.25985,1,0.0,4,H,750
-0.027602,-0.26061,1,0.0,4,H,750
-0.027681,-0.26151,1,0.0,4,H,750
-0.027868,-0.26229,1,0.0,4,H,750
-0.027894,-0.26306,1,0.0,4,H,750
-0.028037,-0.26409,1,0.0,4,H,750
-0.028542,-0.2647,1,0.0,4,H,750
-0.028565,-0.26551,1,0.0,4,H,750
-0.028572,-0.26631,1,0.0,4,H,750
-0.028797,-0.26672,1,0.0,4,H,750
-0.028864,-0.26729,1,0.0,4,H,750
-0.029085,-0.2678,1,0.0,4,H,750
-0.029201,-0.26835,1,0.0,4,H,750
-0.029193,-0.26853,1,0.0,4,H,750
-0.029246,-0.26852,1,0.0,4,H,750
-0.029411,-0.26864,1,0.0,4,H,750
-0.029557,-0.26845,1,0.0,4,H,750
-0.029456,-0.26816,1,0.0,4,H,750
-0.029422,-0.26738,1,0.0,4,H,750
-0.029384,-0.26658,1,0.0,4,H,750
-0.029231,-0.26575,1,0.0,4,H,750
-0.029186,-0.26428,1,0.0,4,H,750
-0.029201,-0.26283,1,0.0,4,H,750
-0.02892,-0.2611,1,0.0,4,H,750
-0.028651,-0.25912,1,0.0,4,H,750
-0.028512,-0.25695,1,0.0,4,H,750
-0.028269,-0.25445,1,0.0,4,H,750
-0.028059,-0.2519,1,0.0,4,H,750
-0.027644,-0.24903,1,0.0,4,H,750
-0.027202,-0.246,1,0.0,4,H,750
-0.026929,-0.24283,1,0.0,4,H,750
-0.026524,-0.239,1,0.0,4,H,750
-0.026068,-0.23497,1,0.0,4,H,750
-0.025731,-0.23111,1,0.0,4,H,750
-0.025293,-0.22676,1,0.0,4,H,750
-0.02475,-0.22222,1,0.0,4,H,750
-0.024199,-0.21757,1,0.0,4,H,750
-0.023672,-0.21257,1,0.0,4,H,750
-0.023058,-0.20746,1,0.0,4,H,750
-0.022414,-0.20212,1,0.0,4,H,750
-0.021901,-0.19654,1,0.0,4,H,750
-0.021257,-0.19065,1,0.0,4,H,750
-0.020534,-0.18475,1,0.0,4,H,750
-0.019894,-0.17877,1,0.0,4,H,750
-0.019486,-0.17257,1,0.0,4,H,750
-0.018816,-0.1663,1,0.0,4,H,750
-0.01782,-0.15985,1,0.0,4,H,750
-0.017322,-0.15332,1,0.0,4,H,750
-0.016679,-0.14676,1,0.0,4,H,750
-0.015761,-0.14018,1,0.0,4,H,750
-0.015147,-0.13356,1,0.0,4,H,750
-0.014616,-0.12685,1,0.0,4,H,750
-0.014017,-0.12009,1,0.0,4,H,750
-0.013197,-0.11318,1,0.0,4,H,750
-0.012441,-0.10658,1,0.0,4,H,750
-0.011816,-0.10008,1,0.0,4,H,750
-0.011082,-0.093677,1,0.0,4,H,750
-0.010517,-0.08744,1,0.0,4,H,750
-0.010026,-0.080882,1,0.0,4,H,750
-0.009255,-0.074585,1,0.0,4,H,750
-0.00851,-0.068531,1,0.0,4,H,750
-0.0078849,-0.062478,1,0.0,4,H,750
-0.0072035,-0.056513,1,0.0,4,H,750
-0.0067206,-0.050654,1,0.0,4,H,750
-0.0061591,-0.044951,1,0.0,4,H,750
-0.0055938,-0.039305,1,0.0,4,H,750
-0.0051707,-0.033591,1,0.0,4,H,750
-0.0044482,-0.027937,1,0.0,4,H,750
-0.0038492,-0.022564,1,0.0,4,H,750
-0.0035086,-0.017257,1,0.0,4,H,750
-0.0030032,-0.012052,1,0.0,4,H,750
-0.0023743,-0.006581,1,0.0,4,H,750
-0.0018389,-0.0011699,1,0.0,4,H,750
-0.0013523,0.004144,1,0.0,4,H,750
-0.00093298,0.0093382,1,0.0,4,H,750
-0.00040888,0.014443,1,0.0,4,H,750
0.00029866,0.02003,1,0.0,4,H,750
0.00071046,0.025321,1,0.0,4,H,750
0.0011859,0.030796,1,0.0,4,H,750
0.001886,0.036565,1,0.0,4,H,750
0.0024363,0.04213,1,0.0,4,H,750
0.0029716,0.047862,1,0.0,4,H,750
0.0034508,0.053744,1,0.0,4,H,750
0.0038963,0.05976,1,0.0,4,H,750
0.0046824,0.065777,1,0.0,4,H,750
0.005345,0.071976,1,0.0,4,H,750
0.0058317,0.078381,1,0.0,4,H,750
0.0066254,0.084783,1,0.0,4,H,750
0.0072356,0.091442,1,0.0,4,H,750
0.0078944,0.098333,1,0.0,4,H,750
0.0086993,0.10514,1,0.0,4,H,750
0.0093732,0.11218,1,0.0,4,H,750
0.010264,0.1196,1,0.0,4,H,750
0.010927,0.12689,1,0.0,4,H,750
0.011574,0.13416,1,0.0,4,H,750
0.012443,0.14156,1,0.0,4,H,750
0.012975,0.14842,1,0.0,4,H,750
0.013701,0.15528,1,0.0,4,H,750
0.014513,0.1623,1,0.0,4,H,750
0.015232,0.16862,1,0.0,4,H,750
0.015962,0.17485,1,0.0,4,H,750
0.016415,0.18094,1,0.0,4,H,750
0.017104,0.1865,1,0.0,4,H,750
0.017635,0.19209,1,0.0,4,H,750
0.018122,0.19729,1,0.0,4,H,750
0.018908,0.20226,1,0.0,4,H,750
0.019384,0.20705,1,0.0,4,H,750
0.019938,0.21152,1,0.0,4,H,750
0.020342,0.21575,1,0.0,4,H,750
0.020754,0.21962,1,0.0,4,H,750
0.021289,0.22326,1,0.0,4,H,750
0.021596,0.2264,1,0.0,4,H,750
0.022071,0.22933,1,0.0,4,H,750
0.022206,0.23225,1,0.0,4,H,750
0.022431,0.23494,1,0.0,4,H,750
0.022959,0.23751,1,0.0,4,H,750
0.023224,0.23975,1,0.0,4,H,750
0.023412,0.24196,1,0.0,4,H,750
0.023648,0.24421,1,0.0,4,H,750
0.023999,0.24627,1,0.0,4,H,750
0.0241,0.24822,1,0.0,4,H,750
0.024232,0.24979,1,0.0,4,H,750
0.024561,0.25127,1,0.0,4,H,750
0.024726,0.2527,1,0.0,4,H,750
0.024872,0.25382,1,0.0,4,H,750
0.025014,0.25474,1,0.0,4,H,750
0.0251,0.25563,1,0.0,4,H,750
0.025242,0.2567,1,0.0,4,H,750
0.025456,0.25757,1,0.0,4,H,750
0.025587,0.25818,1,0.0,4,H,750
0.025699,0.25897,1,0.0,4,H,750
0.025804,0.25984,1,0.0,4,H,750
0.026107,0.2607,1,0.0,4,H,750
0.026294,0.2616,1,0.0,4,H,750
0.026201,0.26245,1,0.0,4,H,750
0.026493,0.26315,1,0.0,4,H,750
0.026743,0.26373,1,0.0,4,H,750
0.026803,0.26438,1,0.0,4,H,750
0.027103,0.26488,1,0.0,4,H,750
0.027178,0.26537,1,0.0,4,H,750
0.027148,0.26587,1,0.0,4,H,750
0.027357,0.26594,1,0.0,4,H,750
0.027342,0.2661,1,0.0,4,H,750
0.027387,0.26637,1,0.0,4,H,750
0.027593,0.26622,1,0.0,4,H,750
0.0275,0.26595,1,0.0,4,H,750
0.027372,0.26548,1,0.0,4,H,750
0.027342,0.26459,1,0.0,4,H,750
0.027283,0.26364,1,0.0,4,H,750
0.027211,0.2626,1,0.0,4,H,750
0.027249,0.26115,1,0.0,4,H,750
0.027024,0.25944,1,0.0,4,H,750
0.026792,0.25767,1,0.0,4,H,750
0.026687,0.25563,1,0.0,4,H,750
0.026257,0.25322,1,0.0,4,H,750
0.026066,0.25066,1,0.0,4,H,750
0.025853,0.24807,1,0.0,4,H,750
0.025415,0.24512,1,0.0,4,H,750
0.025145,0.24167,1,0.0,4,H,750
0.024703,0.23821,1,0.0,4,H,750
0.024205,0.2346,1,0.0,4,H,750
0.023969,0.23055,1,0.0,4,H,750
0.023494,0.2263,1,0.0,4,H,750
0.022932,0.22181,1,0.0,4,H,750
0.022577,0.21712,1,0.0,4,H,750
0.02194,0.21222,1,0.0,4,H,750
0.021304,0.20706,1,0.0,4,H,750
0.020844,0.20175,1,0.0,4,H,750
0.020248,0.19621,1,0.0,4,H,750
0.019545,0.19039,1,0.0,4,H,750
0.018949,0.18449,1,0.0,4,H,750
0.018339,0.1784,1,0.0,4,H,750
0.01762,0.17214,1,0.0,4,H,750
0.017018,0.16583,1,0.0,4,H,750
0.016329,0.15927,1,0.0,4,H,750
0.015509,0.15269,1,0.0,4,H,750
0.01473,0.14612,1,0.0,4,H,750
0.01421,0.13947,1,0.0,4,H,750
0.013525,0.13286,1,0.0,4,H,750
0.01269,0.12621,1,0.0,4,H,750
0.01214,0.11948,1,0.0,4,H,750
0.011361,0.11278,1,0.0,4,H,750
0.010755,0.10624,1,0.0,4,H,750
0.010148,0.099734,1,0.0,4,H,750
0.0093582,0.093138,1,0.0,4,H,750
0.0088528,0.086584,1,0.0,4,H,750
0.0080816,0.080358,1,0.0,4,H,750
0.0073179,0.074162,1,0.0,4,H,750
0.0067639,0.067914,1,0.0,4,H,750
0.006105,0.061887,1,0.0,4,H,750
0.0056408,0.055859,1,0.0,4,H,750
0.0050343,0.049988,1,0.0,4,H,750
0.004338,0.044286,1,0.0,4,H,750
0.0038775,0.038628,1,0.0,4,H,750
0.0032673,0.032955,1,0.0,4,H,750
0.0026684,0.027354,1,0.0,4,H,750
0.002163,0.022081,1,0.0,4,H,750
0.0017549,0.016681,1,0.0,4,H,750
0.001272,0.011278,1,0.0,4,H,750
0.00063933,0.0060722,1,0.0,4,H,750
0.00017887,0.00067237,1,0.0,4,H,750
-0.00036395,-0.0045481,1,0.0,4,H,750
-0.00084314,-0.0098096,1,0.0,4,H,750
-0.0013934,-0.015288,1,0.0,4,H,750
-0.0018951,-0.020591,1,0.0,4,H,750
-0.0023368,-0.026058,1,0.0,4,H,750
-0.0029433,-0.031491,1,0.0,4,H,750
-0.0034,-0.036928,1,0.0,4,H,750
-0.0040701,-0.042653,1,0.0,4,H,750
-0.0045905,-0.048289,1,0.0,4,H,750
-0.0051445,-0.054297,1,0.0,4,H,750
-0.0058259,-0.060463,1,0.0,4,H,750
-0.0061778,-0.066427,1,0.0,4,H,750
-0.0070313,-0.072784,1,0.0,4,H,750
-0.0079111,-0.079174,1,0.0,4,H,750
-0.0083229,-0.085534,1,0.0,4,H,750
-0.008963,-0.092186,1,0.0,4,H,750
-0.0096668,-0.099077,1,0.0,4,H,750
-0.010404,-0.1062,1,0.0,4,H,750
-0.011082,-0.11329,1,0.0,4,H,750
-0.011767,-0.12062,1,0.0,4,H,750
-0.012778,-0.12802,1,0.0,4,H,750
-0.013463,-0.13515,1,0.0,4,H,750
-0.014036,-0.14249,1,0.0,4,H,750
-0.014923,-0.14971,1,0.0,4,H,750
-0.015705,-0.15656,1,0.0,4,H,750
-0.01642,-0.1635,1,0.0,4,H,750
-0.016974,-0.1702,1,0.0,4,H,750
-0.017558,-0.17636,1,0.0,4,H,750
-0.018524,-0.18247,1,0.0,4,H,750
-0.019131,-0.18823,1,0.0,4,H,750
-0.019535,-0.19347,1,0.0,4,H,750
-0.020029,-0.19871,1,0.0,4,H,750
-0.020497,-0.20385,1,0.0,4,H,750
-0.021377,-0.20853,1,0.0,4,H,750
-0.021927,-0.21304,1,0.0,4,H,750
-0.022275,-0.21742,1,0.0,4,H,750
-0.022747,-0.22118,1,0.0,4,H,750
-0.023073,-0.22472,1,0.0,4,H,750
-0.023552,-0.22814,1,0.0,4,H,750
-0.02387,-0.23107,1,0.0,4,H,750
-0.024102,-0.23395,1,0.0,4,H,750
-0.024484,-0.23668,1,0.0,4,H,750
-0.02484,-0.23907,1,0.0,4,H,750
-0.025004,-0.24137,1,0.0,4,H,750
-0.025225,-0.24357,1,0.0,4,H,750
-0.025551,-0.24576,1,0.0,4,H,750
-0.025832,-0.24783,1,0.0,4,H,750
-0.026187,-0.24978,1,0.0,4,H,750
-0.026292,-0.25159,1,0.0,4,H,750
-0.026371,-0.25297,1,0.0,4,H,750
-0.026637,-0.25433,1,0.0,4,H,750
-0.026869,-0.25558,1,0.0,4,H,750
-0.027041,-0.25662,1,0.0,4,H,750
-0.027194,-0.25763,1,0.0,4,H,750
-0.027251,-0.25841,1,0.0,4,H,750
-0.027299,-0.2594,1,0.0,4,H,750
-0.02746,-0.26041,1,0.0,4,H,750
-0.027715,-0.26116,1,0.0,4,H,750
-0.027966,-0.26199,1,0.0,4,H,750
-0.027981,-0.26293,1,0.0,4,H,750
-0.028216,-0.26406,1,0.0,4,H,750
-0.028381,-0.26486,1,0.0,4,H,750
-0.028486,-0.26535,1,0.0,4,H,750
-0.028752,-0.26605,1,0.0,4,H,750
-0.028681,-0.26668,1,0.0,4,H,750
-0.028864,-0.26722,1,0.0,4,H,750
-0.029089,-0.26761,1,0.0,4,H,750
-0.029044,-0.26793,1,0.0,4,H,750
-0.029126,-0.26818,1,0.0,4,H,750
-0.029272,-0.26834,1,0.0,4,H,750
-0.029298,-0.26825,1,0.0,4,H,750
-0.029324,-0.26813,1,0.0,4,H,750
-0.029392,-0.26788,1,0.0,4,H,750
-0.029283,-0.26724,1,0.0,4,H,750
-0.02931,-0.26652,1,0.0,4,H,750
-0.029306,-0.26535,1,0.0,4,H,750
-0.029141,-0.26421,1,0.0,4,H,750
-0.029119,-0.26286,1,0.0,4,H,750
-0.029003,-0.26085,1,0.0,4,H,750
-0.028602,-0.25897,1,0.0,4,H,750
-0.028321,-0.25667,1,0.0,4,H,750
-0.028261,-0.25429,1,0.0,4,H,750
-0.027988,-0.25182,1,0.0,4,H,750
-0.027572,-0.24889,1,0.0,4,H,750
-0.027254,-0.2461,1,0.0,4,H,750
-0.026966,-0.24276,1,0.0,4,H,750
-0.026521,-0.23914,1,0.0,4,H,750
-0.025933,-0.23547,1,0.0,4,H,750
-0.025626,-0.23131,1,0.0,4,H,750
-0.025375,-0.22704,1,0.0,4,H,750
-0.024825,-0.22244,1,0.0,4,H,750
-0.024185,-0.21766,1,0.0,4,H,750
-0.023484,-0.2128,1,0.0,4,H,750
-0.02317,-0.20767,1,0.0,4,H,750
-0.022751,-0.20222,1,0.0,4,H,750
-0.021845,-0.19656,1,0.0,4,H,750
-0.021268,-0.19077,1,0.0,4,H,750
-0.02071,-0.18471,1,0.0,4,H,750
-0.020048,-0.17871,1,0.0,4,H,750
-0.019404,-0.17253,1,0.0,4,H,750
-0.018782,-0.16618,1,0.0,4,H,750
-0.018101,-0.15984,1,0.0,4,H,750
-0.017278,-0.15328,1,0.0,4,H,750
-0.016727,-0.14658,1,0.0,4,H,750
-0.01596,-0.13993,1,0.0,4,H,750
-0.01517,-0.13353,1,0.0,4,H,750
-0.014631,-0.12692,1,0.0,4,H,750
-0.013901,-0.12011,1,0.0,4,H,750
-0.013216,-0.11364,1,0.0,4,H,750
-0.012392,-0.10714,1,0.0,4,H,750
-0.011625,-0.10054,1,0.0,4,H,750
-0.011086,-0.094024,1,0.0,4,H,750
-0.010603,-0.087489,1,0.0,4,H,750
-0.0099813,-0.081199,1,0.0,4,H,750
-0.0091614,-0.074929,1,0.0,4,H,750
-0.0086149,-0.068733,1,0.0,4,H,750
-0.0079298,-0.062825,1,0.0,4,H,750
-0.007211,-0.056641,1,0.0,4,H,750
-0.0068104,-0.050766,1,0.0,4,H,750
-0.0062901,-0.045123,1,0.0,4,H,750
-0.0056125,-0.039271,1,0.0,4,H,750
-0.0050023,-0.033812,1,0.0,4,H,750
-0.0044295,-0.028259,1,0.0,4,H,750
-0.0039091,-0.022694,1,0.0,4,H,750
-0.003531,-0.017388,1,0.0,4,H,750
-0.0029957,-0.012123,1,0.0,4,H,750
-0.0024042,-0.006921,1,0.0,4,H,750
-0.0018913,-0.0015361,1,0.0,4,H,750
-0.0013635,0.0039907,1,0.0,4,H,750
-0.0009255,0.009342,1,0.0,4,H,750
-0.00040888,0.014518,1,0.0,4,H,750
0.00018261,0.019988,1,0.0,4,H,750
0.00065805,0.025385,1,0.0,4,H,750
0.0012233,0.030814,1,0.0,4,H,750
0.0018597,0.036457,1,0.0,4,H,750
0.0023689,0.04204,1,0.0,4,H,750
0.0028256,0.047963,1,0.0,4,H,750
0.0032374,0.053781,1,0.0,4,H,750
0.0039749,0.059764,1,0.0,4,H,750
0.0047947,0.065941,1,0.0,4,H,750
0.0052926,0.072021,1,0.0,4,H,750
0.0059665,0.07843,1,0.0,4,H,750
0.0065056,0.084805,1,0.0,4,H,750
0.0071832,0.091416,1,0.0,4,H,750
0.0081116,0.098258,1,0.0,4,H,750
0.0085758,0.10522,1,0.0,4,H,750
0.0093095,0.1122,1,0.0,4,H,750
0.010096,0.11921,1,0.0,4,H,750
0.010758,0.12668,1,0.0,4,H,750
0.011627,0.13396,1,0.0,4,H,750
0.012271,0.14105,1,0.0,4,H,750
0.012952,0.14816,1,0.0,4,H,750
0.013719,0.15522,1,0.0,4,H,750
0.014487,0.16203,1,0.0,4,H,750
0.015228,0.16842,1,0.0,4,H,750
0.015778,0.17474,1,0.0,4,H,750
0.016411,0.18087,1,0.0,4,H,750
0.017209,0.18664,1,0.0,4,H,750
0.017714,0.19207,1,0.0,4,H,750
0.018148,0.19737,1,0.0,4,H,750
0.01877,0.20233,1,0.0,4,H,750
0.019305,0.20692,1,0.0,4,H,750
0.020024,0.21151,1,0.0,4,H,750
0.020465,0.21571,1,0.0,4,H,750
0.020675,0.21943,1,0.0,4,H,750
0.021289,0.223,1,0.0,4,H,750
0.021663,0.22633,1,0.0,4,H,750
0.021858,0.22932,1,0.0,4,H,750
0.022247,0.23207,1,0.0,4,H,750
0.022633,0.2347,1,0.0,4,H,750
0.022768,0.2373,1,0.0,4,H,750
0.022936,0.23962,1,0.0,4,H,750
0.023483,0.24161,1,0.0,4,H,750
0.023629,0.2437,1,0.0,4,H,750
0.023794,0.24589,1,0.0,4,H,750
0.024228,0.24784,1,0.0,4,H,750
0.024217,0.24961,1,0.0,4,H,750
0.024464,0.25112,1,0.0,4,H,750
0.024714,0.25257,1,0.0,4,H,750
0.024819,0.25414,1,0.0,4,H,750
0.02507,0.25517,1,0.0,4,H,750
0.025235,0.25601,1,0.0,4,H,750
0.025523,0.25692,1,0.0,4,H,750
0.025549,0.25774,1,0.0,4,H,750
0.02562,0.25882,1,0.0,4,H,750
0.025856,0.25954,1,0.0,4,H,750
0.026028,0.26035,1,0.0,4,H,750
0.026283,0.26151,1,0.0,4,H,750
0.026264,0.26236,1,0.0,4,H,750
0.026433,0.26324,1,0.0,4,H,750
0.026657,0.26403,1,0.0,4,H,750
0.026661,0.26468,1,0.0,4,H,750
0.026856,0.2653,1,0.0,4,H,750
0.027088,0.26587,1,0.0,4,H,750
0.02717,0.26619,1,0.0,4,H,750
0.02726,0.26648,1,0.0,4,H,750
0.027365,0.26691,1,0.0,4,H,750
0.027354,0.26698,1,0.0,4,H,750
0.027541,0.26683,1,0.0,4,H,750
0.027567,0.26671,1,0.0,4,H,750
0.027511,0.26645,1,0.0,4,H,750
0.027657,0.26599,1,0.0,4,H,750
0.027556,0.2652,1,0.0,4,H,750
0.027327,0.26418,1,0.0,4,H,750
0.027245,0.26307,1,0.0,4,H,750
0.027193,0.26163,1,0.0,4,H,750
0.027021,0.25983,1,0.0,4,H,750
0.026946,0.25771,1,0.0,4,H,750
0.02668,0.25566,1,0.0,4,H,750
0.026399,0.25353,1,0.0,4,H,750
0.026231,0.25082,1,0.0,4,H,750
0.025849,0.2481,1,0.0,4,H,750
0.025531,0.24527,1,0.0,4,H,750
0.025197,0.24206,1,0.0,4,H,750
0.024894,0.23875,1,0.0,4,H,750
0.024475,0.23494,1,0.0,4,H,750
0.023947,0.23073,1,0.0,4,H,750
0.023498,0.22654,1,0.0,4,H,750
0.02294,0.22212,1,0.0,4,H,750
0.022588,0.21739,1,0.0,4,H,750
0.022135,0.21241,1,0.0,4,H,750
0.021394,0.20736,1,0.0,4,H,750
0.02087,0.20213,1,0.0,4,H,750
0.020241,0.19645,1,0.0,4,H,750
0.01956,0.19076,1,0.0,4,H,750
0.019069,0.18482,1,0.0,4,H,750
0.018362,0.17847,1,0.0,4,H,750
0.017673,0.1723,1,0.0,4,H,750
0.017066,0.16601,1,0.0,4,H,750
0.016288,0.15954,1,0.0,4,H,750
0.015546,0.15297,1,0.0,4,H,750
0.014929,0.14646,1,0.0,4,H,750
0.014217,0.13988,1,0.0,4,H,750
0.013461,0.13304,1,0.0,4,H,750
0.012795,0.12648,1,0.0,4,H,750
0.012087,0.11994,1,0.0,4,H,750
0.011421,0.1131,1,0.0,4,H,750
0.010837,0.10652,1,0.0,4,H,750
0.010223,0.10006,1,0.0,4,H,750
0.0095641,0.093531,1,0.0,4,H,750
0.008864,0.087219,1,0.0,4,H,750
0.0081902,0.080904,1,0.0,4,H,750
0.0075276,0.074465,1,0.0,4,H,750
0.0068238,0.068135,1,0.0,4,H,750
0.0063184,0.062129,1,0.0,4,H,750
0.0056782,0.056218,1,0.0,4,H,750
0.0048172,0.050261,1,0.0,4,H,750
0.0043942,0.044465,1,0.0,4,H,750
0.0038813,0.03868,1,0.0,4,H,750
0.0032262,0.033004,1,0.0,4,H,750
0.0027133,0.027608,1,0.0,4,H,750
0.0021705,0.022081,1,0.0,4,H,750
0.0017137,0.016536,1,0.0,4,H,750
0.0011709,0.011248,1,0.0,4,H,750
0.00062436,0.005919,1,0.0,4,H,750
0.00023877,0.00068732,1,0.0,4,H,750
-0.00026288,-0.0046116,1,0.0,4,H,750
-0.0009517,-0.010176,1,0.0,4,H,750
-0.0013822,-0.015486,1,0.0,4,H,750
-0.0018352,-0.020807,1,0.0,4,H,750
-0.0024154,-0.026439,1,0.0,4,H,750
-0.0029583,-0.031932,1,0.0,4,H,750
-0.0035011,-0.037418,1,0.0,4,H,750
-0.0040402,-0.043184,1,0.0,4,H,750
-0.0047552,-0.049043,1,0.0,4,H,750
-0.0051932,-0.054944,1,0.0,4,H,750
-0.005897,-0.060852,1,0.0,4,H,750
-0.0065933,-0.067037,1,0.0,4,H,750
-0.006904,-0.073479,1,0.0,4,H,750
-0.007664,-0.079877,1,0.0,4,H,750
-0.0084651,-0.086483,1,0.0,4,H,750
-0.0091652,-0.093049,1,0.0,4,H,750
-0.009824,-0.099884,1,0.0,4,H,750
-0.010505,-0.10697,1,0.0,4,H,750
-0.011254,-0.1139,1,0.0,4,H,750
-0.011924,-0.12133,1,0.0,4,H,750
-0.012737,-0.12875,1,0.0,4,H,750
-0.013628,-0.13599,1,0.0,4,H,750
-0.014294,-0.14319,1,0.0,4,H,750
-0.014919,-0.15029,1,0.0,4,H,750
-0.015649,-0.1574,1,0.0,4,H,750
-0.016409,-0.16425,1,0.0,4,H,750
-0.01721,-0.171,1,0.0,4,H,750
-0.017753,-0.17741,1,0.0,4,H,750
-0.018318,-0.18338,1,0.0,4,H,750
-0.019018,-0.18912,1,0.0,4,H,750
-0.01976,-0.19464,1,0.0,4,H,750
-0.020359,-0.19992,1,0.0,4,H,750
-0.020793,-0.20485,1,0.0,4,H,750
-0.021601,-0.20961,1,0.0,4,H,750
-0.022084,-0.21424,1,0.0,4,H,750
-0.022234,-0.21831,1,0.0,4,H,750
-0.022739,-0.22196,1,0.0,4,H,750
-0.02329,-0.22563,1,0.0,4,H,750
-0.023544,-0.22889,1,0.0,4,H,750
-0.023814,-0.23193,1,0.0,4,H,750
-0.024289,-0.23497,1,0.0,4,H,750
-0.024514,-0.23745,1,0.0,4,H,750
-0.02475,-0.23981,1,0.0,4,H,750
-0.025124,-0.24234,1,0.0,4,H,750
-0.025345,-0.24457,1,0.0,4,H,750
-0.025585,-0.24651,1,0.0,4,H,750
-0.025805,-0.24852,1,0.0,4,H,750
-0.02597,-0.25074,1,0.0,4,H,750
-0.02624,-0.25253,1,0.0,4,H,750
-0.02655,-0.25405,1,0.0,4,H,750
-0.026824,-0.25552,1,0.0,4,H,750
-0.026936,-0.25672,1,0.0,4,H,750
-0.026955,-0.25799,1,0.0,4,H,750
-0.027198,-0.25904,1,0.0,4,H,750
-0.027348,-0.25998,1,0.0,4,H,750
-0.02758,-0.26095,1,0.0,4,H,750
-0.027883,-0.26182,1,0.0,4,H,750
-0.027782,-0.2628,1,0.0,4,H,750
-0.028014,-0.26369,1,0.0,4,H,750
-0.028381,-0.26455,1,0.0,4,H,750
-0.028404,-0.26543,1,0.0,4,H,750
-0.028482,-0.26633,1,0.0,4,H,750
-0.028692,-0.26699,1,0.0,4,H,750
-0.028871,-0.26756,1,0.0,4,H,750
-0.029044,-0.26813,1,0.0,4,H,750
-0.02913,-0.26869,1,0.0,4,H,750
-0.029107,-0.2692,1,0.0,4,H,750
-0.029201,-0.26927,1,0.0,4,H,750
-0.029336,-0.26938,1,0.0,4,H,750
-0.029396,-0.26944,1,0.0,4,H,750
-0.029448,-0.26925,1,0.0,4,H,750
-0.029564,-0.26911,1,0.0,4,H,750
-0.029467,-0.26878,1,0.0,4,H,750
-0.029399,-0.26822,1,0.0,4,H,750
-0.029407,-0.26747,1,0.0,4,H,750
-0.029242,-0.26631,1,0.0,4,H,750
-0.029276,-0.26508,1,0.0,4,H,750
-0.029126,-0.26391,1,0.0,4,H,750
-0.028812,-0.26213,1,0.0,4,H,750
-0.028812,-0.26,1,0.0,4,H,750
-0.028733,-0.25764,1,0.0,4,H,750
-0.028411,-0.25526,1,0.0,4,H,750
-0.028112,-0.25281,1,0.0,4,H,750
-0.027707,-0.24991,1,0.0,4,H,750
-0.027228,-0.24687,1,0.0,4,H,750
-0.026992,-0.24355,1,0.0,4,H,750
-0.026674,-0.2401,1,0.0,4,H,750
-0.02618,-0.23628,1,0.0,4,H,750
-0.025865,-0.23224,1,0.0,4,H,750
-0.025281,-0.22798,1,0.0,4,H,750
-0.024664,-0.22306,1,0.0,4,H,750
-0.024229,-0.21841,1,0.0,4,H,750
-0.023499,-0.21356,1,0.0,4,H,750
-0.023144,-0.20819,1,0.0,4,H,750
-0.022762,-0.20269,1,0.0,4,H,750
-0.021957,-0.19696,1,0.0,4,H,750
-0.021362,-0.19129,1,0.0,4,H,750
-0.020621,-0.18518,1,0.0,4,H,750
-0.020055,-0.1789,1,0.0,4,H,750
-0.019498,-0.1727,1,0.0,4,H,750
-0.01864,-0.16624,1,0.0,4,H,750
-0.018056,-0.15981,1,0.0,4,H,750
-0.017304,-0.15328,1,0.0,4,H,750
-0.01651,-0.14666,1,0.0,4,H,750
-0.015866,-0.14001,1,0.0,4,H,750
-0.01514,-0.13324,1,0.0,4,H,750
-0.014481,-0.12658,1,0.0,4,H,750
-0.01377,-0.1199,1,0.0,4,H,750
-0.013141,-0.11329,1,0.0,4,H,750
-0.012475,-0.10679,1,0.0,4,H,750
-0.011726,-0.10013,1,0.0,4,H,750
-0.011074,-0.093744,1,0.0,4,H,750
-0.010438,-0.087451,1,0.0,4,H,750
-0.0098802,-0.081001,1,0.0,4,H,750
-0.0093074,-0.074895,1,0.0,4,H,750
-0.0084614,-0.068823,1,0.0,4,H,750
-0.0077426,-0.06272,1,0.0,4,H,750
-0.0074206,-0.056618,1,0.0,4,H,750
-0.006788,-0.050721,1,0.0,4,H,750
-0.0060467,-0.044892,1,0.0,4,H,750
-0.0055376,-0.038939,1,0.0,4,H,750
-0.005036,-0.033655,1,0.0,4,H,750
-0.0045718,-0.028277,1,0.0,4,H,750
-0.0040364,-0.022777,1,0.0,4,H,750
-0.0034674,-0.017463,1,0.0,4,H,750
-0.0028535,-0.011861,1,0.0,4,H,750
-0.0024529,-0.006566,1,0.0,4,H,750
-0.001925,-0.0013231,1,0.0,4,H,750
-0.0012437,0.004073,1,0.0,4,H,750
-0.00080944,0.0095326,1,0.0,4,H,750
-0.00030406,0.015067,1,0.0,4,H,750
0.00014518,0.020538,1,0.0,4,H,750
0.00059815,0.025982,1,0.0,4,H,750
0.0012271,0.031506,1,0.0,4,H,750
0.0019608,0.037204,1,0.0,4,H,750
0.0024175,0.042832,1,0.0,4,H,750
0.0029042,0.048561,1,0.0,4,H,750
0.0036492,0.054506,1,0.0,4,H,750
0.0041134,0.060713,1,0.0,4,H,750
0.0047273,0.066801,1,0.0,4,H,750
0.0054686,0.072839,1,0.0,4,H,750
0.0060713,0.079543,1,0.0,4,H,750
0.006704,0.086109,1,0.0,4,H,750
0.0073217,0.092649,1,0.0,4,H,750
0.0081752,0.099532,1,0.0,4,H,750
0.008909,0.10632,1,0.0,4,H,750
0.0093732,0.11331,1,0.0,4,H,750
0.010141,0.1205,1,0.0,4,H,750
0.010964,0.12772,1,0.0,4,H,750
0.011705,0.13487,1,0.0,4,H,750
0.012454,0.1422,1,0.0,4,H,750
0.013267,0.14945,1,0.0,4,H,750
0.014038,0.15639,1,0.0,4,H,750
0.014655,0.16311,1,0.0,4,H,750
0.015419,0.1697,1,0.0,4,H,750
0.01607,0.17625,1,0.0,4,H,750
0.016538,0.18239,1,0.0,4,H,750
0.017122,0.18809,1,0.0,4,H,750
0.017946,0.19355,1,0.0,4,H,750
0.018508,0.19903,1,0.0,4,H,750
0.018923,0.20394,1,0.0,4,H,750
0.019515,0.20855,1,0.0,4,H,750
0.020005,0.21323,1,0.0,4,H,750
0.020623,0.21712,1,0.0,4,H,750
0.020851,0.22095,1,0.0,4,H,750
0.021237,0.22452,1,0.0,4,H,750
0.021809,0.2276,1,0.0,4,H,750
0.021888,0.23075,1,0.0,4,H,750
0.022393,0.23357,1,0.0,4,H,750
0.022768,0.23629,1,0.0,4,H,750
0.022914,0.23866,1,0.0,4,H,750
0.023299,0.2409,1,0.0,4,H,750
0.023595,0.24331,1,0.0,4,H,750
0.023782,0.24531,1,0.0,4,H,750
0.023928,0.24725,1,0.0,4,H,750
0.024258,0.24912,1,0.0,4,H,750
0.02455,0.25096,1,0.0,4,H,750
0.024598,0.25272,1,0.0,4,H,750
0.024801,0.25405,1,0.0,4,H,750
0.025141,0.25539,1,0.0,4,H,750
0.025197,0.25661,1,0.0,4,H,750
0.025283,0.25755,1,0.0,4,H,750
0.025422,0.25846,1,0.0,4,H,750
0.025463,0.25937,1,0.0,4,H,750
0.025774,0.26017,1,0.0,4,H,750
0.026021,0.26096,1,0.0,4,H,750
0.026096,0.26192,1,0.0,4,H,750
0.026339,0.2629,1,0.0,4,H,750
0.026609,0.26392,1,0.0,4,H,750
0.026762,0.26485,1,0.0,4,H,750
0.026919,0.26562,1,0.0,4,H,750
0.027099,0.26634,1,0.0,4,H,750
0.027137,0.26696,1,0.0,4,H,750
0.027361,0.26756,1,0.0,4,H,750
0.027593,0.26804,1,0.0,4,H,750
0.027451,0.26818,1,0.0,4,H,750
0.027425,0.26837,1,0.0,4,H,750
0.027575,0.26856,1,0.0,4,H,750
0.027736,0.26843,1,0.0,4,H,750
0.02781,0.26826,1,0.0,4,H,750
0.027833,0.26799,1,0.0,4,H,750
0.027822,0.26753,1,0.0,4,H,750
0.027743,0.26689,1,0.0,4,H,750
0.027713,0.26591,1,0.0,4,H,750
0.027522,0.26472,1,0.0,4,H,750
0.027402,0.26321,1,0.0,4,H,750
0.027301,0.26125,1,0.0,4,H,750
0.026957,0.25924,1,0.0,4,H,750
0.02674,0.25721,1,0.0,4,H,750
0.026519,0.25468,1,0.0,4,H,750
0.026178,0.25201,1,0.0,4,H,750
0.025961,0.24924,1,0.0,4,H,750
0.025654,0.24611,1,0.0,4,H,750
0.025276,0.24278,1,0.0,4,H,750
0.024995,0.23912,1,0.0,4,H,750
0.024426,0.23544,1,0.0,4,H,750
0.023973,0.23157,1,0.0,4,H,750
0.023681,0.22719,1,0.0,4,H,750
0.023146,0.22278,1,0.0,4,H,750
0.022708,0.21791,1,0.0,4,H,750
0.022131,0.21282,1,0.0,4,H,750
0.021487,0.20767,1,0.0,4,H,750
0.020874,0.20202,1,0.0,4,H,750
0.020233,0.19659,1,0.0,4,H,750
0.019616,0.19076,1,0.0,4,H,750
0.019039,0.18451,1,0.0,4,H,750
0.018425,0.17845,1,0.0,4,H,750
0.017635,0.17217,1,0.0,4,H,750
0.017003,0.16572,1,0.0,4,H,750
0.016246,0.15919,1,0.0,4,H,750
0.015554,0.15257,1,0.0,4,H,750
0.014873,0.14572,1,0.0,4,H,750
0.014071,0.13915,1,0.0,4,H,750
0.013532,0.13254,1,0.0,4,H,750
0.012735,0.12562,1,0.0,4,H,750
0.0119,0.11905,1,0.0,4,H,750
0.011443,0.11248,1,0.0,4,H,750
0.010878,0.10589,1,0.0,4,H,750
0.010096,0.099416,1,0.0,4,H,750
0.0093994,0.093052,1,0.0,4,H,750
0.0087966,0.086726,1,0.0,4,H,750
0.008164,0.0805,1,0.0,4,H,750
0.0074153,0.074364,1,0.0,4,H,750
0.0068425,0.068101,1,0.0,4,H,750
0.0062061,0.062006,1,0.0,4,H,750
0.0054686,0.055975,1,0.0,4,H,750
0.0051055,0.050033,1,0.0,4,H,750
0.0044952,0.044211,1,0.0,4,H,750
0.0039225,0.038613,1,0.0,4,H,750
0.0034845,0.032982,1,0.0,4,H,750
0.0026908,0.027458,1,0.0,4,H,750
0.0022229,0.022197,1,0.0,4,H,750
0.0018186,0.01655,1,0.0,4,H,750
0.001126,0.011248,1,0.0,4,H,750
0.00069549,0.0059862,1,0.0,4,H,750
0.00038102,0.00037716,1,0.0,4,H,750
-0.00020672,-0.0049778,1,0.0,4,H,750
-0.00083565,-0.010568,1,0.0,4,H,750
-0.0013523,-0.016069,1,0.0,4,H,750
-0.0018464,-0.021491,1,0.0,4,H,750
-0.0024117,-0.027231,1,0.0,4,H,750
-0.0030257,-0.032739,1,0.0,4,H,750
-0.0036246,-0.03815,1,0.0,4,H,750
-0.0041637,-0.044043,1,0.0,4,H,750
-0.0047515,-0.049951,1,0.0,4,H,750
-0.005474,-0.055643,1,0.0,4,H,750
-0.0059494,-0.061921,1,0.0,4,H,750
-0.0066382,-0.068221,1,0.0,4,H,750
-0.0074019,-0.074357,1,0.0,4,H,750
-0.0078062,-0.080818,1,0.0,4,H,750
-0.0084239,-0.087406,1,0.0,4,H,750
-0.0091951,-0.094226,1,0.0,4,H,750
-0.010034,-0.10094,1,0.0,4,H,750
-0.010651,-0.10783,1,0.0,4,H,750
-0.011273,-0.1151,1,0.0,4,H,750
-0.012171,-0.12237,1,0.0,4,H,750
-0.0128,-0.12965,1,0.0,4,H,750
-0.013467,-0.13689,1,0.0,4,H,750
-0.01435,-0.14409,1,0.0,4,H,750
-0.01514,-0.1512,1,0.0,4,H,750
-0.015765,-0.15827,1,0.0,4,H,750
-0.016435,-0.16517,1,0.0,4,H,750
-0.017248,-0.17161,1,0.0,4,H,750
-0.01788,-0.17785,1,0.0,4,H,750
-0.018457,-0.18426,1,0.0,4,H,750
-0.019097,-0.19023,1,0.0,4,H,750
-0.019782,-0.19557,1,0.0,4,H,750
-0.020381,-0.20085,1,0.0,4,H,750
-0.020774,-0.2059,1,0.0,4,H,750
-0.021347,-0.21058,1,0.0,4,H,750
-0.022051,-0.21495,1,0.0,4,H,750
-0.022496,-0.21902,1,0.0,4,H,750
-0.022822,-0.22278,1,0.0,4,H,750
-0.023159,-0.22626,1,0.0,4,H,750
-0.023436,-0.2295,1,0.0,4,H,750
-0.023866,-0.23244,1,0.0,4,H,750
-0.024402,-0.2351,1,0.0,4,H,750
-0.024548,-0.23774,1,0.0,4,H,750
-0.024619,-0.24046,1,0.0,4,H,750
-0.025008,-0.24279,1,0.0,4,H,750
-0.025364,-0.24484,1,0.0,4,H,750
-0.025641,-0.24695,1,0.0,4,H,750
-0.025877,-0.24884,1,0.0,4,H,750
-0.026172,-0.25055,1,0.0,4,H,750
-0.026303,-0.2523,1,0.0,4,H,750
-0.0263,-0.25408,1,0.0,4,H,750
-0.026813,-0.25561,1,0.0,4,H,750
-0.027093,-0.25694,1,0.0,4,H,750
-0.027052,-0.25817,1,0.0,4,H,750
-0.027277,-0.25915,1,0.0,4,H,750
-0.02734,-0.26011,1,0.0,4,H,750
-0.027554,-0.26094,1,0.0,4,H,750
-0.027778,-0.26189,1,0.0,4,H,750
-0.027902,-0.2629,1,0.0,4,H,750
-0.028235,-0.26371,1,0.0,4,H,750
-0.02831,-0.26464,1,0.0,4,H,750
-0.02843,-0.26549,1,0.0,4,H,750
-0.028583,-0.26653,1,0.0,4,H,750
-0.028624,-0.26746,1,0.0,4,H,750
-0.028976,-0.26809,1,0.0,4,H,750
-0.029104,-0.26873,1,0.0,4,H,750
-0.029156,-0.26925,1,0.0,4,H,750
-0.029216,-0.26974,1,0.0,4,H,750
-0.029268,-0.26996,1,0.0,4,H,750
-0.029568,-0.26996,1,0.0,4,H,750
-0.029388,-0.27,1,0.0,4,H,750
-0.029407,-0.26997,1,0.0,4,H,750
-0.02965,-0.26945,1,0.0,4,H,750
-0.029519,-0.26886,1,0.0,4,H,750
-0.029564,-0.26855,1,0.0,4,H,750
-0.0295,-0.26775,1,0.0,4,H,750
-0.029362,-0.26679,1,0.0,4,H,750
-0.029227,-0.26566,1,0.0,4,H,750
-0.029051,-0.26396,1,0.0,4,H,750
-0.028939,-0.26213,1,0.0,4,H,750
-0.028707,-0.25987,1,0.0,4,H,750
-0.028437,-0.25749,1,0.0,4,H,750
-0.028145,-0.25517,1,0.0,4,H,750
-0.027984,-0.25245,1,0.0,4,H,750
-0.027808,-0.24965,1,0.0,4,H,750
-0.027363,-0.24663,1,0.0,4,H,750
-0.027018,-0.24306,1,0.0,4,H,750
-0.026663,-0.23949,1,0.0,4,H,750
-0.026165,-0.23595,1,0.0,4,H,750
-0.025693,-0.23184,1,0.0,4,H,750
-0.025207,-0.22754,1,0.0,4,H,750
-0.024754,-0.22303,1,0.0,4,H,750
-0.024282,-0.21817,1,0.0,4,H,750
-0.023675,-0.21312,1,0.0,4,H,750
-0.023091,-0.20771,1,0.0,4,H,750
-0.022661,-0.20233,1,0.0,4,H,750
-0.022021,-0.19677,1,0.0,4,H,750
-0.021238,-0.1909,1,0.0,4,H,750
-0.020624,-0.18483,1,0.0,4,H,750
-0.019969,-0.17864,1,0.0,4,H,750
-0.019307,-0.17234,1,0.0,4,H,750
-0.018689,-0.1659,1,0.0,4,H,750
-0.018049,-0.15936,1,0.0,4,H,750
-0.017468,-0.15272,1,0.0,4,H,750
-0.016701,-0.14618,1,0.0,4,H,750
-0.015825,-0.13934,1,0.0,4,H,750
-0.015226,-0.13248,1,0.0,4,H,750
-0.014526,-0.12588,1,0.0,4,H,750
-0.013755,-0.11904,1,0.0,4,H,750
-0.013208,-0.11246,1,0.0,4,H,750
-0.012441,-0.10604,1,0.0,4,H,750
-0.011658,-0.099439,1,0.0,4,H,750
-0.011033,-0.09309,1,0.0,4,H,750
-0.010389,-0.086696,1,0.0,4,H,750
-0.0098016,-0.080344,1,0.0,4,H,750
-0.0091764,-0.074338,1,0.0,4,H,750
-0.0085812,-0.06818,1,0.0,4,H,750
-0.0078774,-0.062052,1,0.0,4,H,750
-0.0073046,-0.056218,1,0.0,4,H,750
-0.0067618,-0.050329,1,0.0,4,H,750
-0.0059269,-0.044425,1,0.0,4,H,750
-0.0054216,-0.038752,1,0.0,4,H,750
-0.0050622,-0.033266,1,0.0,4,H,750
-0.0044632,-0.027646,1,0.0,4,H,750
-0.0039204,-0.02225,1,0.0,4,H,750
-0.0034038,-0.017235,1,0.0,4,H,750
-0.0029133,-0.011869,1,0.0,4,H,750
-0.0024641,-0.0064614,1,0.0,4,H,750
-0.0018539,-0.0011288,1,0.0,4,H,750
-0.0014234,0.0043271,1,0.0,4,H,750
-0.00090678,0.0097269,1,0.0,4,H,750
-0.00022544,0.015172,1,0.0,4,H,750
8.9022e-05,0.020672,1,0.0,4,H,750
0.00071795,0.026251,1,0.0,4,H,750
0.0013806,0.031734,1,0.0,4,H,750
0.0018261,0.037324,1,0.0,4,H,750
0.0023165,0.042985,1,0.0,4,H,750
0.0029005,0.048665,1,0.0,4,H,750
0.0037241,0.05448,1,0.0,4,H,750
0.0041958,0.060425,1,0.0,4,H,750
0.0046749,0.066681,1,0.0,4,H,750
0.0053712,0.073049,1,0.0,4,H,750
0.0060638,0.079555,1,0.0,4,H,750
0.0066778,0.086091,1,0.0,4,H,750
0.0072468,0.09263,1,0.0,4,H,750
0.0081303,0.099353,1,0.0,4,H,750
0.0088603,0.10624,1,0.0,4,H,750
0.009448,0.1133,1,0.0,4,H,750
0.010178,0.12032,1,0.0,4,H,750
0.010859,0.12749,1,0.0,4,H,750
0.01169,0.13482,1,0.0,4,H,750
0.012484,0.14196,1,0.0,4,H,750
0.013113,0.14912,1,0.0,4,H,750
0.013899,0.15613,1,0.0,4,H,750
0.014581,0.16271,1,0.0,4,H,750
0.015239,0.16937,1,0.0,4,H,750
0.016059,0.17586,1,0.0,4,H,750
0.016669,0.18213,1,0.0,4,H,750
0.017209,0.18803,1,0.0,4,H,750
0.01786,0.19356,1,0.0,4,H,750
0.018399,0.199,1,0.0,4,H,750
0.018841,0.20386,1,0.0,4,H,750
0.019586,0.20866,1,0.0,4,H,750
0.020278,0.21315,1,0.0,4,H,750
0.020525,0.21708,1,0.0,4,H,750
0.020903,0.22093,1,0.0,4,H,750
0.021379,0.22431,1,0.0,4,H,750
0.021817,0.22763,1,0.0,4,H,750
0.022232,0.23058,1,0.0,4,H,750
0.0223,0.23324,1,0.0,4,H,750
0.022412,0.23594,1,0.0,4,H,750
0.022843,0.23839,1,0.0,4,H,750
0.023341,0.24076,1,0.0,4,H,750
0.023644,0.24285,1,0.0,4,H,750
0.023771,0.24494,1,0.0,4,H,750
0.023962,0.24685,1,0.0,4,H,750
0.024239,0.24853,1,0.0,4,H,750
0.024415,0.2503,1,0.0,4,H,750
0.024591,0.25193,1,0.0,4,H,750
0.024827,0.2535,1,0.0,4,H,750
0.02489,0.25488,1,0.0,4,H,750
0.02507,0.25597,1,0.0,4,H,750
0.025456,0.25695,1,0.0,4,H,750
0.025542,0.25787,1,0.0,4,H,750
0.025564,0.2588,1,0.0,4,H,750
0.025841,0.2597,1,0.0,4,H,750
0.026021,0.26058,1,0.0,4,H,750
0.026085,0.26143,1,0.0,4,H,750
0.026096,0.26246,1,0.0,4,H,750
0.026369,0.26334,1,0.0,4,H,750
0.026672,0.26418,1,0.0,4,H,750
0.026815,0.26516,1,0.0,4,H,750
0.027009,0.2658,1,0.0,4,H,750
0.02711,0.26671,1,0.0,4,H,750
0.02744,0.26726,1,0.0,4,H,750
0.027399,0.26763,1,0.0,4,H,750
0.027354,0.26811,1,0.0,4,H,750
0.027605,0.26812,1,0.0,4,H,750
0.027507,0.26835,1,0.0,4,H,750
0.027683,0.26822,1,0.0,4,H,750
0.027728,0.26797,1,0.0,4,H,750
0.027751,0.26752,1,0.0,4,H,750
0.027769,0.26703,1,0.0,4,H,750
0.027563,0.26662,1,0.0,4,H,750
0.027541,0.26548,1,0.0,4,H,750
0.027395,0.26432,1,0.0,4,H,750
0.027459,0.26275,1,0.0,4,H,750
0.02729,0.26091,1,0.0,4,H,750
0.026979,0.25894,1,0.0,4,H,750
0.026942,0.25678,1,0.0,4,H,750
0.026538,0.25427,1,0.0,4,H,750
0.026257,0.25144,1,0.0,4,H,750
0.025961,0.249,1,0.0,4,H,750
0.025583,0.24592,1,0.0,4,H,750
0.025276,0.24269,1,0.0,4,H,750
0.024902,0.23915,1,0.0,4,H,750
0.024699,0.23536,1,0.0,4,H,750
0.02416,0.23183,1,0.0,4,H,750
0.023513,0.22733,1,0.0,4,H,750
0.023176,0.2229,1,0.0,4,H,750
0.022723,0.21819,1,0.0,4,H,750
0.022158,0.213,1,0.0,4,H,750
0.021589,0.20803,1,0.0,4,H,750
0.020825,0.20254,1,0.0,4,H,750
0.020196,0.19698,1,0.0,4,H,750
0.019668,0.19095,1,0.0,4,H,750
0.018972,0.18483,1,0.0,4,H,750
0.01838,0.17896,1,0.0,4,H,750
0.017766,0.17244,1,0.0,4,H,750
0.01701,0.16602,1,0.0,4,H,750
0.016362,0.15954,1,0.0,4,H,750
0.015696,0.15264,1,0.0,4,H,750
0.014891,0.14597,1,0.0,4,H,750
0.014277,0.13928,1,0.0,4,H,750
0.013581,0.13256,1,0.0,4,H,750
0.012945,0.12578,1,0.0,4,H,750
0.012233,0.11917,1,0.0,4,H,750
0.011346,0.11263,1,0.0,4,H,750
0.010833,0.10596,1,0.0,4,H,750
0.010114,0.099461,1,0.0,4,H,750
0.0094256,0.09297,1,0.0,4,H,750
0.0088453,0.086602,1,0.0,4,H,750
0.0080966,0.080373,1,0.0,4,H,750
0.007565,0.074274,1,0.0,4,H,750
0.0069024,0.068183,1,0.0,4,H,750
0.0062473,0.062129,1,0.0,4,H,750
0.0056296,0.056109,1,0.0,4,H,750
0.0050231,0.050119,1,0.0,4,H,750
0.0044952,0.044428,1,0.0,4,H,750
0.0038177,0.038684,1,0.0,4,H,750
0.0032486,0.033124,1,0.0,4,H,750
0.0027694,0.027623,1,0.0,4,H,750
0.0022154,0.022089,1,0.0,4,H,750
0.0017512,0.016965,1,0.0,4,H,750
0.0013656,0.011621,1,0.0,4,H,750
0.00078533,0.0062067,1,0.0,4,H,750
0.00020507,0.00091901,1,0.0,4,H,750
-0.00031529,-0.0044883,1,0.0,4,H,750
-0.00082067,-0.0098582,1,0.0,4,H,750
-0.0012063,-0.015389,1,0.0,4,H,750
-0.0018577,-0.020946,1,0.0,4,H,750
-0.0024791,-0.026458,1,0.0,4,H,750
-0.0029283,-0.032048,1,0.0,4,H,750
-0.0035273,-0.037672,1,0.0,4,H,750
-0.0040289,-0.043281,1,0.0,4,H,750
-0.004598,-0.048849,1,0.0,4,H,750
-0.0054066,-0.054727,1,0.0,4,H,750
-0.0059644,-0.060945,1,0.0,4,H,750
-0.0064436,-0.067085,1,0.0,4,H,750
-0.0071361,-0.073371,1,0.0,4,H,750
-0.00778,-0.079828,1,0.0,4,H,750
-0.0084988,-0.08645,1,0.0,4,H,750
-0.0090678,-0.09306,1,0.0,4,H,750
-0.0097342,-0.099678,1,0.0,4,H,750
-0.010591,-0.10687,1,0.0,4,H,750
-0.011295,-0.11378,1,0.0,4,H,750
-0.01204,-0.12072,1,0.0,4,H,750
-0.012733,-0.12821,1,0.0,4,H,750
-0.013497,-0.13533,1,0.0,4,H,750
-0.014253,-0.14255,1,0.0,4,H,750
-0.014923,-0.14974,1,0.0,4,H,750
-0.015619,-0.15664,1,0.0,4,H,750
-0.016312,-0.16365,1,0.0,4,H,750
-0.017045,-0.17027,1,0.0,4,H,750
-0.017637,-0.1765,1,0.0,4,H,750
-0.018187,-0.18275,1,0.0,4,H,750
-0.019,-0.18881,1,0.0,4,H,750
-0.019752,-0.19449,1,0.0,4,H,750
-0.0201,-0.19965,1,0.0,4,H,750
-0.020591,-0.20452,1,0.0,4,H,750
-0.021324,-0.20947,1,0.0,4,H,750
-0.021878,-0.21393,1,0.0,4,H,750
-0.022272,-0.21792,1,0.0,4,H,750
-0.022657,-0.22176,1,0.0,4,H,750
-0.023121,-0.22514,1,0.0,4,H,750
-0.02341,-0.22837,1,0.0,4,H,750
-0.023623,-0.23147,1,0.0,4,H,750
-0.024185,-0.23418,1,0.0,4,H,750
-0.024566,-0.2368,1,0.0,4,H,750
-0.024724,-0.23932,1,0.0,4,H,750
-0.025004,-0.24151,1,0.0,4,H,750
-0.025225,-0.24372,1,0.0,4,H,750
-0.025442,-0.24586,1,0.0,4,H,750
-0.025671,-0.24774,1,0.0,4,H,750
-0.025937,-0.24965,1,0.0,4,H,750
-0.026184,-0.25119,1,0.0,4,H,750
-0.02636,-0.25273,1,0.0,4,H,750
-0.026506,-0.25442,1,0.0,4,H,750
-0.026846,-0.25568,1,0.0,4,H,750
-0.027026,-0.25693,1,0.0,4,H,750
-0.02703,-0.25791,1,0.0,4,H,750
-0.027239,-0.25893,1,0.0,4,H,750
-0.027363,-0.26003,1,0.0,4,H,750
-0.027479,-0.26067,1,0.0,4,H,750
-0.02764,-0.26164,1,0.0,4,H,750
-0.027999,-0.26264,1,0.0,4,H,750
-0.028108,-0.26346,1,0.0,4,H,750
-0.02813,-0.2644,1,0.0,4,H,750
-0.028396,-0.26513,1,0.0,4,H,750
-0.028407,-0.26603,1,0.0,4,H,750
-0.02874,-0.26697,1,0.0,4,H,750
-0.028999,-0.26761,1,0.0,4,H,750
-0.028969,-0.26818,1,0.0,4,H,750
-0.029182,-0.26862,1,0.0,4,H,750
-0.029119,-0.2689,1,0.0,4,H,750
-0.02913,-0.26895,1,0.0,4,H,750
-0.029527,-0.26888,1,0.0,4,H,750
-0.02953,-0.26886,1,0.0,4,H,750
-0.029381,-0.26852,1,0.0,4,H,750
-0.029459,-0.2679,1,0.0,4,H,750
-0.029377,-0.26736,1,0.0,4,H,750
-0.029295,-0.26663,1,0.0,4,H,750
-0.029212,-0.26566,1,0.0,4,H,750
-0.029134,-0.26449,1,0.0,4,H,750
-0.029126,-0.26288,1,0.0,4,H,750
-0.028864,-0.26108,1,0.0,4,H,750
-0.028561,-0.25894,1,0.0,4,H,750
-0.028377,-0.25665,1,0.0,4,H,750
-0.028179,-0.25421,1,0.0,4,H,750
-0.027872,-0.25142,1,0.0,4,H,750
-0.027576,-0.24861,1,0.0,4,H,750
-0.027187,-0.24553,1,0.0,4,H,750
-0.026764,-0.24241,1,0.0,4,H,750
-0.026532,-0.23891,1,0.0,4,H,750
-0.026068,-0.23505,1,0.0,4,H,750
-0.025689,-0.2313,1,0.0,4,H,750
-0.025296,-0.22695,1,0.0,4,H,750
-0.024742,-0.22238,1,0.0,4,H,750
-0.024342,-0.21782,1,0.0,4,H,750
-0.023679,-0.21283,1,0.0,4,H,750
-0.02311,-0.20762,1,0.0,4,H,750
-0.022522,-0.20223,1,0.0,4,H,750
-0.021871,-0.19641,1,0.0,4,H,750
-0.021444,-0.19043,1,0.0,4,H,750
-0.020789,-0.18449,1,0.0,4,H,750
-0.019954,-0.1783,1,0.0,4,H,750
-0.019235,-0.17199,1,0.0,4,H,750
-0.018592,-0.16566,1,0.0,4,H,750
-0.017873,-0.15902,1,0.0,4,H,750
-0.017263,-0.15247,1,0.0,4,H,750
-0.016592,-0.1458,1,0.0,4,H,750
-0.015795,-0.13886,1,0.0,4,H,750
-0.015099,-0.13224,1,0.0,4,H,750
-0.014406,-0.12556,1,0.0,4,H,750
-0.013669,-0.11877,1,0.0,4,H,750
-0.012984,-0.11229,1,0.0,4,H,750
-0.012325,-0.10575,1,0.0,4,H,750
-0.011625,-0.099163,1,0.0,4,H,750
-0.011082,-0.092903,1,0.0,4,H,750
-0.010449,-0.086685,1,0.0,4,H,750
-0.0097117,-0.080418,1,0.0,4,H,750
-0.0091914,-0.074185,1,0.0,4,H,750
-0.0086111,-0.067993,1,0.0,4,H,750
-0.0079148,-0.061984,1,0.0,4,H,750
-0.0072971,-0.056129,1,0.0,4,H,750
-0.0067206,-0.050217,1,0.0,4,H,750
-0.0060655,-0.044365,1,0.0,4,H,750
-0.0054964,-0.038801,1,0.0,4,H,750
-0.0049985,-0.033173,1,0.0,4,H,750
-0.0043958,-0.027642,1,0.0,4,H,750
-0.0039241,-0.022343,1,0.0,4,H,750
-0.0034375,-0.017063,1,0.0,4,H,750
-0.0028871,-0.011764,1,0.0,4,H,750
-0.002408,-0.006495,1,0.0,4,H,750
-0.001955,-0.0013045,1,0.0,4,H,750
-0.0013822,0.0043308,1,0.0,4,H,750
-0.0007458,0.0098577,1,0.0,4,H,750
-0.00028534,0.014985,1,0.0,4,H,750
0.00020882,0.0205,1,0.0,4,H,750
0.00075913,0.026061,1,0.0,4,H,750
0.0012945,0.031502,1,0.0,4,H,750
0.0018485,0.037036,1,0.0,4,H,750
0.002309,0.04275,1,0.0,4,H,750
0.002863,0.048452,1,0.0,4,H,750
0.0035032,0.054114,1,0.0,4,H,750
0.0040348,0.060022,1,0.0,4,H,750
0.004645,0.06615,1,0.0,4,H,750
0.0053525,0.072455,1,0.0,4,H,750
0.005974,0.078886,1,0.0,4,H,750
0.0066516,0.085437,1,0.0,4,H,750
0.0074078,0.09189,1,0.0,4,H,750
0.0079843,0.098684,1,0.0,4,H,750
0.0086282,0.1057,1,0.0,4,H,750
0.0094143,0.11251,1,0.0,4,H,750
0.010021,0.11971,1,0.0,4,H,750
0.010796,0.12685,1,0.0,4,H,750
0.011769,0.13393,1,0.0,4,H,750
0.012435,0.14115,1,0.0,4,H,750
0.012989,0.1481,1,0.0,4,H,750
0.013832,0.15501,1,0.0,4,H,750
0.014509,0.16183,1,0.0,4,H,750
0.014977,0.16856,1,0.0,4,H,750
0.015763,0.17491,1,0.0,4,H,750
0.016497,0.18109,1,0.0,4,H,750
0.016984,0.18714,1,0.0,4,H,750
0.017703,0.19273,1,0.0,4,H,750
0.018369,0.19826,1,0.0,4,H,750
0.018788,0.20313,1,0.0,4,H,750
0.019485,0.20781,1,0.0,4,H,750
0.020069,0.21258,1,0.0,4,H,750
0.020477,0.21639,1,0.0,4,H,750
0.020956,0.22006,1,0.0,4,H,750
0.021233,0.22358,1,0.0,4,H,750
0.021678,0.2267,1,0.0,4,H,750
0.022015,0.22975,1,0.0,4,H,750
0.022188,0.23249,1,0.0,4,H,750
0.022536,0.23507,1,0.0,4,H,750
0.022865,0.23744,1,0.0,4,H,750
0.023176,0.23982,1,0.0,4,H,750
0.023363,0.24197,1,0.0,4,H,750
0.023625,0.24387,1,0.0,4,H,750
0.023887,0.24581,1,0.0,4,H,750
0.024048,0.24749,1,0.0,4,H,750
0.024396,0.2492,1,0.0,4,H,750
0.024613,0.25058,1,0.0,4,H,750
0.024729,0.25205,1,0.0,4,H,750
0.024909,0.25365,1,0.0,4,H,750
0.024894,0.25461,1,0.0,4,H,750
0.025018,0.25551,1,0.0,4,H,750
0.025242,0.25658,1,0.0,4,H,750
0.025474,0.25758,1,0.0,4,H,750
0.02577,0.25851,1,0.0,4,H,750
0.025699,0.25945,1,0.0,4,H,750
0.026006,0.26026,1,0.0,4,H,750
0.026298,0.26111,1,0.0,4,H,750
0.026145,0.2622,1,0.0,4,H,750
0.026478,0.26306,1,0.0,4,H,750
0.026665,0.26377,1,0.0,4,H,750
0.02677,0.26452,1,0.0,4,H,750
0.027017,0.26536,1,0.0,4,H,750
0.027047,0.2661,1,0.0,4,H,750
0.027088,0.26658,1,0.0,4,H,750
0.027264,0.26692,1,0.0,4,H,750
0.027459,0.26707,1,0.0,4,H,750
0.027399,0.26706,1,0.0,4,H,750
0.027473,0.26698,1,0.0,4,H,750
0.027687,0.2668,1,0.0,4,H,750
0.027444,0.26634,1,0.0,4,H,750
0.027357,0.26568,1,0.0,4,H,750
0.027447,0.26482,1,0.0,4,H,750
0.027327,0.26385,1,0.0,4,H,750
0.02732,0.2629,1,0.0,4,H,750
0.027185,0.26139,1,0.0,4,H,750
0.026994,0.25961,1,0.0,4,H,750
0.026736,0.25763,1,0.0,4,H,750
0.026624,0.25526,1,0.0,4,H,750
0.026466,0.25272,1,0.0,4,H,750
0.026036,0.25011,1,0.0,4,H,750
0.025849,0.2473,1,0.0,4,H,750
0.025351,0.24433,1,0.0,4,H,750
0.024995,0.24121,1,0.0,4,H,750
0.024819,0.23769,1,0.0,4,H,750
0.024258,0.23416,1,0.0,4,H,750
0.023988,0.23038,1,0.0,4,H,750
0.023662,0.22622,1,0.0,4,H,750
0.023052,0.22187,1,0.0,4,H,750
0.022521,0.21717,1,0.0,4,H,750
0.021955,0.21243,1,0.0,4,H,750
0.021446,0.20716,1,0.0,4,H,750
0.02093,0.20162,1,0.0,4,H,750
0.02023,0.19611,1,0.0,4,H,750
0.019545,0.1903,1,0.0,4,H,750
0.018976,0.18426,1,0.0,4,H,750
0.018418,0.17806,1,0.0,4,H,750
0.017691,0.17204,1,0.0,4,H,750
0.016868,0.16567,1,0.0,4,H,750
0.016243,0.15884,1,0.0,4,H,750
0.015603,0.15215,1,0.0,4,H,750
0.014794,0.14566,1,0.0,4,H,750
0.014116,0.13894,1,0.0,4,H,750
0.013413,0.13202,1,0.0,4,H,750
0.012585,0.12539,1,0.0,4,H,750
0.012091,0.1187,1,0.0,4,H,750
0.011548,0.11205,1,0.0,4,H,750
0.010676,0.10556,1,0.0,4,H,750
0.010111,0.099058,1,0.0,4,H,750
0.0094331,0.092626,1,0.0,4,H,750
0.0086806,0.086262,1,0.0,4,H,750
0.0082688,0.080033,1,0.0,4,H,750
0.0075088,0.073916,1,0.0,4,H,750
0.0067788,0.067907,1,0.0,4,H,750
0.0063184,0.061782,1,0.0,4,H,750
0.0056932,0.055747,1,0.0,4,H,750
0.0050268,0.049869,1,0.0,4,H,750
0.0044353,0.044065,1,0.0,4,H,750
0.0038326,0.038512,1,0.0,4,H,750
0.0031625,0.032769,1,0.0,4,H,750
0.0027208,0.027208,1,0.0,4,H,750
0.0022229,0.02195,1,0.0,4,H,750
0.0017287,0.01658,1,0.0,4,H,750
0.001287,0.011364,1,0.0,4,H,750
0.000688,0.006061,1,0.0,4,H,750
0.0002762,0.00071721,1,0.0,4,H,750
-0.0003939,-0.0045855,1,0.0,4,H,750
-0.00089555,-0.0099629,1,0.0,4,H,750
-0.0013448,-0.015385,1,0.0,4,H,750
-0.0020486,-0.020882,1,0.0,4,H,750
-0.002393,-0.026364,1,0.0,4,H,750
-0.0030668,-0.031906,1,0.0,4,H,750
-0.0036471,-0.037534,1,0.0,4,H,750
-0.0039728,-0.043165,1,0.0,4,H,750
-0.0046579,-0.048752,1,0.0,4,H,750
-0.0053392,-0.054694,1,0.0,4,H,750
-0.0059569,-0.060777,1,0.0,4,H,750
-0.0064773,-0.066603,1,0.0,4,H,750
-0.0069564,-0.072978,1,0.0,4,H,750
-0.0076041,-0.079473,1,0.0,4,H,750
-0.0083865,-0.085897,1,0.0,4,H,750
-0.0091652,-0.092791,1,0.0,4,H,750
-0.0098465,-0.09948,1,0.0,4,H,750
-0.010494,-0.10626,1,0.0,4,H,750
-0.011116,-0.11337,1,0.0,4,H,750
-0.011838,-0.12052,1,0.0,4,H,750
-0.012785,-0.12774,1,0.0,4,H,750
-0.013485,-0.13486,1,0.0,4,H,750
-0.014081,-0.14191,1,0.0,4,H,750
-0.014945,-0.149,1,0.0,4,H,750
-0.015559,-0.15611,1,0.0,4,H,750
-0.016173,-0.1629,1,0.0,4,H,750
-0.017053,-0.16955,1,0.0,4,H,750
-0.017637,-0.17602,1,0.0,4,H,750
-0.018243,-0.18223,1,0.0,4,H,750
-0.018914,-0.18831,1,0.0,4,H,750
-0.01946,-0.194,1,0.0,4,H,750
-0.020134,-0.19943,1,0.0,4,H,750
-0.020508,-0.20451,1,0.0,4,H,750
-0.02113,-0.20923,1,0.0,4,H,750
-0.022009,-0.2136,1,0.0,4,H,750
-0.02232,-0.21767,1,0.0,4,H,750
-0.022728,-0.22138,1,0.0,4,H,750
-0.023148,-0.22483,1,0.0,4,H,750
-0.023357,-0.22825,1,0.0,4,H,750
-0.023769,-0.23117,1,0.0,4,H,750
-0.024113,-0.23376,1,0.0,4,H,750
-0.024379,-0.23643,1,0.0,4,H,750
-0.024615,-0.23884,1,0.0,4,H,750
-0.024843,-0.24112,1,0.0,4,H,750
-0.025154,-0.24319,1,0.0,4,H,750
-0.025375,-0.24502,1,0.0,4,H,750
-0.025603,-0.24716,1,0.0,4,H,750
-0.025892,-0.2489,1,0.0,4,H,750
-0.026146,-0.25044,1,0.0,4,H,750
-0.026408,-0.25223,1,0.0,4,H,750
-0.026625,-0.25349,1,0.0,4,H,750
-0.026854,-0.25491,1,0.0,4,H,750
-0.026932,-0.25635,1,0.0,4,H,750
-0.027045,-0.25729,1,0.0,4,H,750
-0.027329,-0.25834,1,0.0,4,H,750
-0.027359,-0.25931,1,0.0,4,H,750
-0.027602,-0.26026,1,0.0,4,H,750
-0.027786,-0.2612,1,0.0,4,H,750
-0.02773,-0.26198,1,0.0,4,H,750
-0.02804,-0.26284,1,0.0,4,H,750
-0.028273,-0.2639,1,0.0,4,H,750
-0.028366,-0.26484,1,0.0,4,H,750
-0.028568,-0.26573,1,0.0,4,H,750
-0.028621,-0.26661,1,0.0,4,H,750
-0.028647,-0.26705,1,0.0,4,H,750
-0.02892,-0.26778,1,0.0,4,H,750
-0.029032,-0.2684,1,0.0,4,H,750
-0.029167,-0.26851,1,0.0,4,H,750
-0.029317,-0.26874,1,0.0,4,H,750
-0.029186,-0.26866,1,0.0,4,H,750
-0.029373,-0.26846,1,0.0,4,H,750
-0.029392,-0.26807,1,0.0,4,H,750
-0.029238,-0.26739,1,0.0,4,H,750
-0.029485,-0.26679,1,0.0,4,H,750
-0.029373,-0.26608,1,0.0,4,H,750
-0.029059,-0.26503,1,0.0,4,H,750
-0.029126,-0.26361,1,0.0,4,H,750
-0.029047,-0.26231,1,0.0,4,H,750
-0.028725,-0.26061,1,0.0,4,H,750
-0.028486,-0.25848,1,0.0,4,H,750
-0.028344,-0.25634,1,0.0,4,H,750
-0.028153,-0.25368,1,0.0,4,H,750
-0.027778,-0.25099,1,0.0,4,H,750
-0.027543,-0.2482,1,0.0,4,H,750
-0.027258,-0.24499,1,0.0,4,H,750
-0.026801,-0.24185,1,0.0,4,H,750
-0.026502,-0.23844,1,0.0,4,H,750
-0.026053,-0.23464,1,0.0,4,H,750
-0.025622,-0.23088,1,0.0,4,H,750
-0.025218,-0.22676,1,0.0,4,H,750
-0.02472,-0.22228,1,0.0,4,H,750
-0.024248,-0.21769,1,0.0,4,H,750
-0.023559,-0.2127,1,0.0,4,H,750
-0.022968,-0.20751,1,0.0,4,H,750
-0.022571,-0.202,1,0.0,4,H,750
-0.021927,-0.19631,1,0.0,4,H,750
-0.021223,-0.19063,1,0.0,4,H,750
-0.020684,-0.18451,1,0.0,4,H,750
-0.019969,-0.17832,1,0.0,4,H,750
-0.019213,-0.1722,1,0.0,4,H,750
-0.018554,-0.1658,1,0.0,4,H,750
-0.017828,-0.15916,1,0.0,4,H,750
-0.017199,-0.15252,1,0.0,4,H,750
-0.016529,-0.14596,1,0.0,4,H,750
-0.015844,-0.13921,1,0.0,4,H,750
-0.015207,-0.13247,1,0.0,4,H,750
-0.0145,-0.12563,1,0.0,4,H,750
-0.013702,-0.11882,1,0.0,4,H,750
-0.012898,-0.11232,1,0.0,4,H,750
-0.012306,-0.10565,1,0.0,4,H,750
-0.011647,-0.099054,1,0.0,4,H,750
-0.011011,-0.092739,1,0.0,4,H,750
-0.010434,-0.086364,1,0.0,4,H,750
-0.0097941,-0.080108,1,0.0,4,H,750
-0.0093074,-0.073924,1,0.0,4,H,750
-0.0085587,-0.067889,1,0.0,4,H,750
-0.0078774,-0.061812,1,0.0,4,H,750
-0.0072934,-0.055938,1,0.0,4,H,750
-0.0066607,-0.050183,1,0.0,4,H,750
-0.0062788,-0.044223,1,0.0,4,H,750
-0.0056275,-0.038767,1,0.0,4,H,750
-0.004991,-0.033079,1,0.0,4,H,750
-0.0045268,-0.02744,1,0.0,4,H,750
-0.0039466,-0.022078,1,0.0,4,H,750
-0.0033102,-0.016708,1,0.0,4,H,750
-0.0027898,-0.011783,1,0.0,4,H,750
-0.0023668,-0.0063978,1,0.0,4,H,750
-0.0018389,-0.0011176,1,0.0,4,H,750
-0.0013298,0.0041626,1,0.0,4,H,750
-0.00074955,0.0096372,1,0.0,4,H,750
-0.00028534,0.014858,1,0.0,4,H,750
0.00022379,0.020482,1,0.0,4,H,750
0.00080405,0.025848,1,0.0,4,H,750
0.0012608,0.031427,1,0.0,4,H,750
0.0018597,0.037197,1,0.0,4,H,750
0.0024437,0.042634,1,0.0,4,H,750
0.0030614,0.048434,1,0.0,4,H,750
0.0035668,0.054237,1,0.0,4,H,750
0.004076,0.060254,1,0.0,4,H,750
0.0048846,0.066285,1,0.0,4,H,750
0.0053675,0.072514,1,0.0,4,H,750
0.005929,0.079095,1,0.0,4,H,750
0.0067115,0.085489,1,0.0,4,H,750
0.0072094,0.092062,1,0.0,4,H,750
0.0081415,0.098669,1,0.0,4,H,750
0.0089801,0.10562,1,0.0,4,H,750
0.0093357,0.11286,1,0.0,4,H,750
0.010077,0.11986,1,0.0,4,H,750
0.010852,0.12686,1,0.0,4,H,750
0.011589,0.134,1,0.0,4,H,750
0.012376,0.14114,1,0.0,4,H,750
0.013128,0.14808,1,0.0,4,H,750
0.013907,0.15495,1,0.0,4,H,750
0.014524,0.1618,1,0.0,4,H,750
0.015299,0.16838,1,0.0,4,H,750
0.016048,0.17476,1,0.0,4,H,750
0.016598,0.18122,1,0.0,4,H,750
0.017209,0.18721,1,0.0,4,H,750
0.017714,0.1929,1,0.0,4,H,750
0.018362,0.19842,1,0.0,4,H,750
0.018983,0.20353,1,0.0,4,H,750
0.019406,0.20842,1,0.0,4,H,750
0.020016,0.21286,1,0.0,4,H,750
0.020582,0.21696,1,0.0,4,H,750
0.020971,0.22085,1,0.0,4,H,750
0.021285,0.22432,1,0.0,4,H,750
0.021738,0.22737,1,0.0,4,H,750
0.022143,0.23032,1,0.0,4,H,750
0.022307,0.23312,1,0.0,4,H,750
0.022637,0.23562,1,0.0,4,H,750
0.022888,0.2381,1,0.0,4,H,750
0.023183,0.24031,1,0.0,4,H,750
0.023554,0.24242,1,0.0,4,H,750
0.023681,0.24451,1,0.0,4,H,750
0.023861,0.2463,1,0.0,4,H,750
0.024119,0.24803,1,0.0,4,H,750
0.024261,0.24963,1,0.0,4,H,750
0.024527,0.25124,1,0.0,4,H,750
0.024902,0.25259,1,0.0,4,H,750
0.024995,0.25375,1,0.0,4,H,750
0.025186,0.2553,1,0.0,4,H,750
0.025298,0.25634,1,0.0,4,H,750
0.025388,0.25719,1,0.0,4,H,750
0.025609,0.25843,1,0.0,4,H,750
0.025643,0.25917,1,0.0,4,H,750
0.02592,0.26025,1,0.0,4,H,750
0.026122,0.26131,1,0.0,4,H,750
0.026302,0.26196,1,0.0,4,H,750
0.026489,0.26307,1,0.0,4,H,750
0.026538,0.26381,1,0.0,4,H,750
0.02674,0.26468,1,0.0,4,H,750
0.026901,0.26573,1,0.0,4,H,750
0.027152,0.26625,1,0.0,4,H,750
0.027294,0.26693,1,0.0,4,H,750
0.027294,0.26747,1,0.0,4,H,750
0.02732,0.26786,1,0.0,4,H,750
0.027372,0.26816,1,0.0,4,H,750
0.027522,0.26803,1,0.0,4,H,750
0.027507,0.2679,1,0.0,4,H,750
0.027634,0.26758,1,0.0,4,H,750
0.027612,0.267,1,0.0,4,H,750
0.027429,0.2665,1,0.0,4,H,750
0.027563,0.26579,1,0.0,4,H,750
0.027462,0.26474,1,0.0,4,H,750
0.027488,0.26348,1,0.0,4,H,750
0.027211,0.26199,1,0.0,4,H,750
0.02686,0.26025,1,0.0,4,H,750
0.027013,0.25823,1,0.0,4,H,750
0.026601,0.25588,1,0.0,4,H,750
0.02638,0.25343,1,0.0,4,H,750
0.026201,0.25091,1,0.0,4,H,750
0.02577,0.24799,1,0.0,4,H,750
0.025553,0.24494,1,0.0,4,H,750
0.025096,0.24168,1,0.0,4,H,750
0.024834,0.23836,1,0.0,4,H,750
0.024445,0.23487,1,0.0,4,H,750
0.024059,0.23084,1,0.0,4,H,750
0.023775,0.2268,1,0.0,4,H,750
0.023123,0.22248,1,0.0,4,H,750
0.022652,0.21796,1,0.0,4,H,750
0.022131,0.21322,1,0.0,4,H,750
0.021487,0.20814,1,0.0,4,H,750
0.02084,0.20272,1,0.0,4,H,750
0.02023,0.1969,1,0.0,4,H,750
0.019732,0.19117,1,0.0,4,H,750
0.019092,0.18495,1,0.0,4,H,750
0.018433,0.17878,1,0.0,4,H,750
0.017793,0.17269,1,0.0,4,H,750
0.017059,0.166,1,0.0,4,H,750
0.01637,0.15957,1,0.0,4,H,750
0.015666,0.153,1,0.0,4,H,750
0.014839,0.14633,1,0.0,4,H,750
0.01424,0.13981,1,0.0,4,H,750
0.013544,0.1328,1,0.0,4,H,750
0.012769,0.12612,1,0.0,4,H,750
0.0122,0.11951,1,0.0,4,H,750
0.011443,0.1126,1,0.0,4,H,750
0.010743,0.10628,1,0.0,4,H,750
0.010178,0.099771,1,0.0,4,H,750
0.0094218,0.09309,1,0.0,4,H,750
0.008748,0.086834,1,0.0,4,H,750
0.0081752,0.08053,1,0.0,4,H,750
0.0074227,0.074383,1,0.0,4,H,750
0.0068649,0.068303,1,0.0,4,H,750
0.0063259,0.062339,1,0.0,4,H,750
0.005652,0.056371,1,0.0,4,H,750
0.005098,0.050358,1,0.0,4,H,750
0.0043605,0.044458,1,0.0,4,H,750
0.0037278,0.038703,1,0.0,4,H,750
0.0032599,0.033161,1,0.0,4,H,750
0.0027956,0.027615,1,0.0,4,H,750
0.0022715,0.022279,1,0.0,4,H,750
0.0016501,0.016838,1,0.0,4,H,750
0.001272,0.011465,1,0.0,4,H,750
0.00078159,0.0061918,1,0.0,4,H,750
0.00020133,0.00084427,1,0.0,4,H,750
-0.00040513,-0.0044061,1,0.0,4,H,750
-0.0010303,-0.009862,1,0.0,4,H,750
-0.0014533,-0.015247,1,0.0,4,H,750
-0.0019363,-0.020845,1,0.0,4,H,750
-0.0023331,-0.026424,1,0.0,4,H,750
-0.0029096,-0.031887,1,0.0,4,H,750
-0.0035498,-0.037706,1,0.0,4,H,750
-0.0040814,-0.043326,1,0.0,4,H,750
-0.0047552,-0.049174,1,0.0,4,H,750
-0.0052606,-0.055273,1,0.0,4,H,750
-0.0058408,-0.061218,1,0.0,4,H,750
-0.0065484,-0.067362,1,0.0,4,H,750
-0.0070538,-0.073632,1,0.0,4,H,750
-0.0077389,-0.080037,1,0.0,4,H,750
-0.0084801,-0.086495,1,0.0,4,H,750
-0.0090042,-0.093139,1,0.0,4,H,750
-0.0097791,-0.10003,1,0.0,4,H,750
-0.010442,-0.10692,1,0.0,4,H,750
-0.011119,-0.11405,1,0.0,4,H,750
-0.011977,-0.1211,1,0.0,4,H,750
-0.012624,-0.12809,1,0.0,4,H,750
-0.013261,-0.13545,1,0.0,4,H,750
-0.013991,-0.14256,1,0.0,4,H,750
-0.014867,-0.14954,1,0.0,4,H,750
-0.015488,-0.15653,1,0.0,4,H,750
-0.016259,-0.16325,1,0.0,4,H,750
-0.017113,-0.16997,1,0.0,4,H,750
-0.017738,-0.17649,1,0.0,4,H,750
-0.018453,-0.18281,1,0.0,4,H,750
-0.018932,-0.18878,1,0.0,4,H,750
-0.019512,-0.19448,1,0.0,4,H,750
-0.020138,-0.20013,1,0.0,4,H,750
-0.020725,-0.20524,1,0.0,4,H,750
-0.02141,-0.21009,1,0.0,4,H,750
-0.022133,-0.21454,1,0.0,4,H,750
-0.022462,-0.21858,1,0.0,4,H,750
-0.022668,-0.22239,1,0.0,4,H,750
-0.023346,-0.22563,1,0.0,4,H,750
-0.023582,-0.22883,1,0.0,4,H,750
-0.023859,-0.23181,1,0.0,4,H,750
-0.024267,-0.23452,1,0.0,4,H,750
-0.024364,-0.23716,1,0.0,4,H,750
-0.024873,-0.23952,1,0.0,4,H,750
-0.025087,-0.24199,1,0.0,4,H,750
-0.025132,-0.24404,1,0.0,4,H,750
-0.025693,-0.24584,1,0.0,4,H,750
-0.025948,-0.24795,1,0.0,4,H,750
-0.026019,-0.24959,1,0.0,4,H,750
-0.026214,-0.25127,1,0.0,4,H,750
-0.026532,-0.25299,1,0.0,4,H,750
-0.026775,-0.25427,1,0.0,4,H,750
-0.026839,-0.25556,1,0.0,4,H,750
-0.027123,-0.25677,1,0.0,4,H,750
-0.027075,-0.25804,1,0.0,4,H,750
-0.027176,-0.25908,1,0.0,4,H,750
-0.027543,-0.25992,1,0.0,4,H,750
-0.027689,-0.26093,1,0.0,4,H,750
-0.027872,-0.26199,1,0.0,4,H,750
-0.027872,-0.26303,1,0.0,4,H,750
-0.028078,-0.26378,1,0.0,4,H,750
-0.028411,-0.26479,1,0.0,4,H,750
-0.02846,-0.26578,1,0.0,4,H,750
-0.028568,-0.26649,1,0.0,4,H,750
-0.028823,-0.26741,1,0.0,4,H,750
-0.028969,-0.26815,1,0.0,4,H,750
-0.029021,-0.26877,1,0.0,4,H,750
-0.029152,-0.26924,1,0.0,4,H,750
-0.029429,-0.26965,1,0.0,4,H,750
-0.029478,-0.26984,1,0.0,4,H,750
-0.029377,-0.26965,1,0.0,4,H,750
-0.0295,-0.26951,1,0.0,4,H,750
-0.02953,-0.26927,1,0.0,4,H,750
-0.029519,-0.26876,1,0.0,4,H,750
-0.029407,-0.26789,1,0.0,4,H,750
-0.029332,-0.2671,1,0.0,4,H,750
-0.029339,-0.26609,1,0.0,4,H,750
-0.029272,-0.2647,1,0.0,4,H,750
-0.029145,-0.26309,1,0.0,4,H,750
-0.028875,-0.26108,1,0.0,4,H,750
-0.028752,-0.25927,1,0.0,4,H,750
-0.028426,-0.25719,1,0.0,4,H,750
-0.028198,-0.25463,1,0.0,4,H,750
-0.028029,-0.2518,1,0.0,4,H,750
-0.027644,-0.24878,1,0.0,4,H,750
-0.02734,-0.24572,1,0.0,4,H,750
-0.026887,-0.24238,1,0.0,4,H,750
-0.026487,-0.23891,1,0.0,4,H,750
-0.025981,-0.2353,1,0.0,4,H,750
-0.025592,-0.23139,1,0.0,4,H,750
-0.025323,-0.22713,1,0.0,4,H,750
-0.024769,-0.22277,1,0.0,4,H,750
-0.024181,-0.21821,1,0.0,4,H,750
-0.023653,-0.21331,1,0.0,4,H,750
-0.023024,-0.20817,1,0.0,4,H,750
-0.022477,-0.20262,1,0.0,4,H,750
-0.022133,-0.19689,1,0.0,4,H,750
-0.021414,-0.1911,1,0.0,4,H,750
-0.020579,-0.18502,1,0.0,4,H,750
-0.019977,-0.17881,1,0.0,4,H,750
-0.019419,-0.17251,1,0.0,4,H,750
-0.01873,-0.16601,1,0.0,4,H,750
-0.017993,-0.15964,1,0.0,4,H,750
-0.017416,-0.15302,1,0.0,4,H,750
-0.016544,-0.14626,1,0.0,4,H,750
-0.015833,-0.13968,1,0.0,4,H,750
-0.015293,-0.13292,1,0.0,4,H,750
-0.014485,-0.12607,1,0.0,4,H,750
-0.013815,-0.11923,1,0.0,4,H,750
-0.013126,-0.11272,1,0.0,4,H,750
-0.0124,-0.10618,1,0.0,4,H,750
-0.011666,-0.099365,1,0.0,4,H,750
-0.010977,-0.092799,1,0.0,4,H,750
-0.010371,-0.08651,1,0.0,4,H,750
-0.0097567,-0.080456,1,0.0,4,H,750
-0.009124,-0.074327,1,0.0,4,H,750
-0.0084164,-0.068161,1,0.0,4,H,750
-0.0078512,-0.062096,1,0.0,4,H,750
-0.0072896,-0.056125,1,0.0,4,H,750
-0.0066008,-0.050318,1,0.0,4,H,750
-0.0061291,-0.044667,1,0.0,4,H,750
-0.0057023,-0.038972,1,0.0,4,H,750
-0.0050435,-0.033255,1,0.0,4,H,750
-0.0044969,-0.027807,1,0.0,4,H,750
-0.0038605,-0.022392,1,0.0,4,H,750
-0.0032316,-0.016962,1,0.0,4,H,750
-0.0028759,-0.011577,1,0.0,4,H,750
-0.0022994,-0.0063268,1,0.0,4,H,750
-0.0017191,-0.001155,1,0.0,4,H,750
-0.0013298,0.0042934,1,0.0,4,H,750
-0.00090678,0.0097381,1,0.0,4,H,750
-0.00042385,0.015209,1,0.0,4,H,750
0.00028369,0.020822,1,0.0,4,H,750
0.00089764,0.026199,1,0.0,4,H,750
0.0012121,0.031894,1,0.0,4,H,750
0.0018186,0.037593,1,0.0,4,H,750
0.0025299,0.043191,1,0.0,4,H,750
0.0029604,0.049297,1,0.0,4,H,750
0.0034508,0.055179,1,0.0,4,H,750
0.0041359,0.06118,1,0.0,4,H,750
0.0047835,0.067365,1,0.0,4,H,750
0.0053787,0.073602,1,0.0,4,H,750
0.0061537,0.0801,1,0.0,4,H,750
0.0067751,0.086565,1,0.0,4,H,750
0.0074415,0.093306,1,0.0,4,H,750
0.0082164,0.099928,1,0.0,4,H,750
0.0089352,0.10677,1,0.0,4,H,750
0.0096502,0.11399,1,0.0,4,H,750
0.010227,0.12099,1,0.0,4,H,750
0.01102,0.12801,1,0.0,4,H,750
0.011679,0.13506,1,0.0,4,H,750
0.012349,0.14205,1,0.0,4,H,750
0.013308,0.149,1,0.0,4,H,750
0.01397,0.15603,1,0.0,4,H,750
0.014498,0.16282,1,0.0,4,H,750
0.01512,0.16934,1,0.0,4,H,750
0.015763,0.17582,1,0.0,4,H,750
0.016467,0.18202,1,0.0,4,H,750
0.017134,0.18796,1,0.0,4,H,750
0.017841,0.19369,1,0.0,4,H,750
0.018545,0.19914,1,0.0,4,H,750
0.019005,0.20436,1,0.0,4,H,750
0.019664,0.20931,1,0.0,4,H,750
0.020256,0.21392,1,0.0,4,H,750
0.020619,0.21816,1,0.0,4,H,750
0.021076,0.22184,1,0.0,4,H,750
0.021297,0.22522,1,0.0,4,H,750
0.021746,0.22835,1,0.0,4,H,750
0.022173,0.23127,1,0.0,4,H,750
0.022352,0.23403,1,0.0,4,H,750
0.022843,0.23665,1,0.0,4,H,750
0.023041,0.23924,1,0.0,4,H,750
0.023172,0.24136,1,0.0,4,H,750
0.023468,0.24346,1,0.0,4,H,750
0.023633,0.24562,1,0.0,4,H,750
0.023958,0.24726,1,0.0,4,H,750
0.024164,0.24897,1,0.0,4,H,750
0.024422,0.25067,1,0.0,4,H,750
0.024699,0.25219,1,0.0,4,H,750
0.024872,0.25357,1,0.0,4,H,750
0.025167,0.25473,1,0.0,4,H,750
0.025227,0.25606,1,0.0,4,H,750
0.025362,0.25708,1,0.0,4,H,750
0.025512,0.25809,1,0.0,4,H,750
0.025587,0.25919,1,0.0,4,H,750
0.025838,0.26006,1,0.0,4,H,750
0.026017,0.26107,1,0.0,4,H,750
0.026264,0.26202,1,0.0,4,H,750
0.026463,0.26295,1,0.0,4,H,750
0.026463,0.26397,1,0.0,4,H,750
0.026747,0.2649,1,0.0,4,H,750
0.027024,0.26575,1,0.0,4,H,750
0.027024,0.26663,1,0.0,4,H,750
0.027163,0.26735,1,0.0,4,H,750
0.027372,0.26805,1,0.0,4,H,750
0.027567,0.2686,1,0.0,4,H,750
0.027616,0.269,1,0.0,4,H,750
0.02756,0.26931,1,0.0,4,H,750
0.027605,0.2695,1,0.0,4,H,750
0.027691,0.26948,1,0.0,4,H,750
0.027792,0.26893,1,0.0,4,H,750
0.027758,0.26865,1,0.0,4,H,750
0.027721,0.26808,1,0.0,4,H,750
0.027706,0.26708,1,0.0,4,H,750
0.027657,0.26614,1,0.0,4,H,750
0.027533,0.26479,1,0.0,4,H,750
0.027342,0.26324,1,0.0,4,H,750
0.027234,0.26135,1,0.0,4,H,750
0.026923,0.25947,1,0.0,4,H,750
0.026702,0.25722,1,0.0,4,H,750
0.026639,0.25461,1,0.0,4,H,750
0.026276,0.252,1,0.0,4,H,750
0.025976,0.24904,1,0.0,4,H,750
0.025658,0.24602,1,0.0,4,H,750
0.02519,0.2426,1,0.0,4,H,750
0.024879,0.23913,1,0.0,4,H,750
0.024572,0.23556,1,0.0,4,H,750
0.024112,0.23156,1,0.0,4,H,750
0.02355,0.22754,1,0.0,4,H,750
0.023105,0.22309,1,0.0,4,H,750
0.022554,0.21837,1,0.0,4,H,750
0.021922,0.21362,1,0.0,4,H,750
0.021589,0.20854,1,0.0,4,H,750
0.021005,0.20308,1,0.0,4,H,750
0.020331,0.19722,1,0.0,4,H,750
0.019829,0.1913,1,0.0,4,H,750
0.01914,0.18542,1,0.0,4,H,750
0.018575,0.17927,1,0.0,4,H,750
0.017837,0.17306,1,0.0,4,H,750
0.017063,0.16658,1,0.0,4,H,750
0.016407,0.16004,1,0.0,4,H,750
0.015621,0.15352,1,0.0,4,H,750
0.014989,0.1467,1,0.0,4,H,750
0.014251,0.13998,1,0.0,4,H,750
0.013581,0.13325,1,0.0,4,H,750
0.012941,0.12633,1,0.0,4,H,750
0.012151,0.11952,1,0.0,4,H,750
0.01138,0.11279,1,0.0,4,H,750
0.010698,0.10604,1,0.0,4,H,750
0.010178,0.099484,1,0.0,4,H,750
0.0094518,0.093045,1,0.0,4,H,750
0.0088154,0.086599,1,0.0,4,H,750
0.0082576,0.080287,1,0.0,4,H,750
0.0074489,0.074121,1,0.0,4,H,750
0.0068125,0.06794,1,0.0,4,H,750
0.0062285,0.06192,1,0.0,4,H,750
0.0055547,0.056008,1,0.0,4,H,750
0.004952,0.050108,1,0.0,4,H,750
0.0043081,0.044544,1,0.0,4,H,750
0.003754,0.038804,1,0.0,4,H,750
0.0034283,0.033139,1,0.0,4,H,750
0.0029154,0.027716,1,0.0,4,H,750
0.0022304,0.022089,1,0.0,4,H,750
0.001695,0.016749,1,0.0,4,H,750
0.0011297,0.011401,1,0.0,4,H,750
0.00066554,0.00599,1,0.0,4,H,750
0.00030241,0.00068358,1,0.0,4,H,750
-0.00022544,-0.0047536,1,0.0,4,H,750
-0.0008319,-0.010202,1,0.0,4,H,750
-0.0014945,-0.015609,1,0.0,4,H,750
-0.0020261,-0.021177,1,0.0,4,H,750
-0.0024417,-0.02688,1,0.0,4,H,750
-0.0030556,-0.032373,1,0.0,4,H,750
-0.0036059,-0.038143,1,0.0,4,H,750
-0.0041712,-0.044182,1,0.0,4,H,750
-0.00486,-0.050067,1,0.0,4,H,750
-0.0052905,-0.056005,1,0.0,4,H,750
-0.0059344,-0.062074,1,0.0,4,H,750
-0.0066607,-0.068389,1,0.0,4,H,750
-0.0072035,-0.074735,1,0.0,4,H,750
-0.0078324,-0.081192,1,0.0,4,H,750
-0.008394,-0.087825,1,0.0,4,H,750
-0.0092326,-0.094454,1,0.0,4,H,750
-0.0099476,-0.10128,1,0.0,4,H,750
-0.010565,-0.10816,1,0.0,4,H,750
-0.011378,-0.11524,1,0.0,4,H,750
-0.012153,-0.12236,1,0.0,4,H,750
-0.013025,-0.12936,1,0.0,4,H,750
-0.013553,-0.13658,1,0.0,4,H,750
-0.014208,-0.14372,1,0.0,4,H,750
-0.015005,-0.15054,1,0.0,4,H,750
-0.015672,-0.15736,1,0.0,4,H,750
-0.016566,-0.16429,1,0.0,4,H,750
-0.017158,-0.17093,1,0.0,4,H,750
-0.017712,-0.17736,1,0.0,4,H,750
-0.018618,-0.18358,1,0.0,4,H,750
-0.01925,-0.18965,1,0.0,4,H,750
-0.019647,-0.19569,1,0.0,4,H,750
-0.02034,-0.2011,1,0.0,4,H,750
-0.02086,-0.20626,1,0.0,4,H,750
-0.02141,-0.2113,1,0.0,4,H,750
-0.022111,-0.2159,1,0.0,4,H,750
-0.022425,-0.21995,1,0.0,4,H,750
-0.022975,-0.22359,1,0.0,4,H,750
-0.023503,-0.22713,1,0.0,4,H,750
-0.023713,-0.23026,1,0.0,4,H,750
-0.023941,-0.23317,1,0.0,4,H,750
-0.024312,-0.23584,1,0.0,4,H,750
-0.02466,-0.23842,1,0.0,4,H,750
-0.024892,-0.24099,1,0.0,4,H,750
-0.025259,-0.24328,1,0.0,4,H,750
-0.025435,-0.24536,1,0.0,4,H,750
-0.025742,-0.24722,1,0.0,4,H,750
-0.025966,-0.24917,1,0.0,4,H,750
-0.026112,-0.25098,1,0.0,4,H,750
-0.026371,-0.25251,1,0.0,4,H,750
-0.026416,-0.25391,1,0.0,4,H,750
-0.026693,-0.25526,1,0.0,4,H,750
-0.026865,-0.25654,1,0.0,4,H,750
-0.027112,-0.25744,1,0.0,4,H,750
-0.027307,-0.25858,1,0.0,4,H,750
-0.027292,-0.25973,1,0.0,4,H,750
-0.027475,-0.26062,1,0.0,4,H,750
-0.027666,-0.2617,1,0.0,4,H,750
-0.027853,-0.26263,1,0.0,4,H,750
-0.027913,-0.26346,1,0.0,4,H,750
-0.02816,-0.26449,1,0.0,4,H,750
-0.028419,-0.26551,1,0.0,4,H,750
-0.028512,-0.26645,1,0.0,4,H,750
-0.028763,-0.2672,1,0.0,4,H,750
-0.028928,-0.26793,1,0.0,4,H,750
-0.028901,-0.26872,1,0.0,4,H,750
-0.02904,-0.26923,1,0.0,4,H,750
-0.029253,-0.26988,1,0.0,4,H,750
-0.02928,-0.27021,1,0.0,4,H,750
-0.029482,-0.27032,1,0.0,4,H,750
-0.029515,-0.27069,1,0.0,4,H,750
-0.029478,-0.27036,1,0.0,4,H,750
-0.029673,-0.26995,1,0.0,4,H,750
-0.029676,-0.26953,1,0.0,4,H,750
-0.029613,-0.26862,1,0.0,4,H,750
-0.029575,-0.26783,1,0.0,4,H,750
-0.029512,-0.26679,1,0.0,4,H,750
-0.029257,-0.2654,1,0.0,4,H,750
-0.029081,-0.26384,1,0.0,4,H,750
-0.029003,-0.2619,1,0.0,4,H,750
-0.028789,-0.25973,1,0.0,4,H,750
-0.028535,-0.25735,1,0.0,4,H,750
-0.02825,-0.255,1,0.0,4,H,750
-0.028033,-0.25232,1,0.0,4,H,750
-0.027632,-0.24918,1,0.0,4,H,750
-0.027288,-0.24607,1,0.0,4,H,750
-0.026936,-0.24268,1,0.0,4,H,750
-0.026543,-0.23901,1,0.0,4,H,750
-0.026292,-0.23528,1,0.0,4,H,750
-0.025749,-0.23139,1,0.0,4,H,750
-0.025296,-0.22729,1,0.0,4,H,750
-0.024862,-0.22287,1,0.0,4,H,750
-0.024304,-0.21827,1,0.0,4,H,750
-0.02375,-0.21344,1,0.0,4,H,750
-0.023058,-0.20829,1,0.0,4,H,750
-0.022605,-0.20286,1,0.0,4,H,750
-0.022062,-0.19731,1,0.0,4,H,750
-0.021354,-0.19141,1,0.0,4,H,750
-0.020703,-0.18526,1,0.0,4,H,750
-0.02016,-0.17922,1,0.0,4,H,750
-0.019584,-0.17291,1,0.0,4,H,750
-0.018577,-0.16636,1,0.0,4,H,750
-0.017839,-0.15987,1,0.0,4,H,750
-0.017259,-0.15325,1,0.0,4,H,750
-0.01663,-0.14662,1,0.0,4,H,750
-0.016087,-0.13983,1,0.0,4,H,750
-0.015181,-0.13286,1,0.0,4,H,750
-0.014444,-0.12598,1,0.0,4,H,750
-0.013852,-0.11911,1,0.0,4,H,750
-0.013111,-0.11245,1,0.0,4,H,750
-0.012362,-0.10577,1,0.0,4,H,750
-0.011565,-0.09914,1,0.0,4,H,750
-0.011026,-0.092668,1,0.0,4,H,750
-0.010438,-0.086199,1,0.0,4,H,750
-0.0096706,-0.080063,1,0.0,4,H,750
-0.0091989,-0.073827,1,0.0,4,H,750
-0.0085288,-0.067735,1,0.0,4,H,750
-0.007795,-0.061876,1,0.0,4,H,750
-0.0072672,-0.055837,1,0.0,4,H,750
-0.0065783,-0.050041,1,0.0,4,H,750
-0.0061216,-0.044383,1,0.0,4,H,750
-0.0055488,-0.038703,1,0.0,4,H,750
-0.0049948,-0.033068,1,0.0,4,H,750
-0.0045718,-0.027754,1,0.0,4,H,750
-0.0038979,-0.02241,1,0.0,4,H,750
-0.00343,-0.016943,1,0.0,4,H,750
-0.002831,-0.011682,1,0.0,4,H,750
-0.0023031,-0.0063306,1,0.0,4,H,750
-0.0019475,-0.0010055,1,0.0,4,H,750
-0.0013523,0.0044579,1,0.0,4,H,750
-0.00077575,0.0098614,1,0.0,4,H,750
-0.00031154,0.015003,1,0.0,4,H,750
0.00015266,0.020549,1,0.0,4,H,750
0.0007741,0.026203,1,0.0,4,H,750
0.0013731,0.031872,1,0.0,4,H,750
0.0018747,0.037585,1,0.0,4,H,750
0.0023951,0.043153,1,0.0,4,H,750
0.0030015,0.049136,1,0.0,4,H,750
0.0035968,0.055186,1,0.0,4,H,750
0.0042407,0.061143,1,0.0,4,H,750
0.0049669,0.067481,1,0.0,4,H,750
0.0055734,0.073826,1,0.0,4,H,750
0.0061087,0.080126,1,0.0,4,H,750
0.0067714,0.086771,1,0.0,4,H,750
0.0074489,0.093407,1,0.0,4,H,750
0.0080779,0.099947,1,0.0,4,H,750
0.0089426,0.10685,1,0.0,4,H,750
0.0096315,0.11381,1,0.0,4,H,750
0.010317,0.12078,1,0.0,4,H,750
0.01102,0.12802,1,0.0,4,H,750
0.011608,0.13508,1,0.0,4,H,750
0.012551,0.14192,1,0.0,4,H,750
0.013222,0.14893,1,0.0,4,H,750
0.013903,0.15572,1,0.0,4,H,750
0.014809,0.16235,1,0.0,4,H,750
0.015329,0.16906,1,0.0,4,H,750
0.015954,0.17537,1,0.0,4,H,750
0.01658,0.18156,1,0.0,4,H,750
0.01713,0.18776,1,0.0,4,H,750
0.017909,0.19355,1,0.0,4,H,750
0.018433,0.19911,1,0.0,4,H,750
0.018859,0.20436,1,0.0,4,H,750
0.019694,0.20934,1,0.0,4,H,750
0.020376,0.214,1,0.0,4,H,750
0.02066,0.21816,1,0.0,4,H,750
0.021016,0.222,1,0.0,4,H,750
0.021375,0.22545,1,0.0,4,H,750
0.021663,0.22862,1,0.0,4,H,750
0.022068,0.23152,1,0.0,4,H,750
0.022453,0.23424,1,0.0,4,H,750
0.022786,0.23678,1,0.0,4,H,750
0.023142,0.2392,1,0.0,4,H,750
0.023288,0.24157,1,0.0,4,H,750
0.02337,0.24354,1,0.0,4,H,750
0.023741,0.2455,1,0.0,4,H,750
0.024119,0.2473,1,0.0,4,H,750
0.024261,0.24906,1,0.0,4,H,750
0.024411,0.25053,1,0.0,4,H,750
0.024737,0.25169,1,0.0,4,H,750
0.024988,0.25333,1,0.0,4,H,750
0.025089,0.25455,1,0.0,4,H,750
0.025156,0.25547,1,0.0,4,H,750
0.025272,0.25657,1,0.0,4,H,750
0.025557,0.25757,1,0.0,4,H,750
0.025665,0.25858,1,0.0,4,H,750
0.02574,0.25962,1,0.0,4,H,750
0.025939,0.26075,1,0.0,4,H,750
0.026013,0.2617,1,0.0,4,H,750
0.026219,0.2626,1,0.0,4,H,750
0.026553,0.26364,1,0.0,4,H,750
0.02674,0.26447,1,0.0,4,H,750
0.026826,0.26526,1,0.0,4,H,750
0.026949,0.26623,1,0.0,4,H,750
0.027065,0.26711,1,0.0,4,H,750
0.027301,0.26773,1,0.0,4,H,750
0.027537,0.26825,1,0.0,4,H,750
0.027522,0.26882,1,0.0,4,H,750
0.027698,0.26911,1,0.0,4,H,750
0.02781,0.26919,1,0.0,4,H,750
0.027687,0.26933,1,0.0,4,H,750
0.027762,0.26903,1,0.0,4,H,750
0.027844,0.26857,1,0.0,4,H,750
0.027814,0.26795,1,0.0,4,H,750
0.027803,0.26694,1,0.0,4,H,750
0.027773,0.26598,1,0.0,4,H,750
0.027567,0.26473,1,0.0,4,H,750
0.027324,0.26311,1,0.0,4,H,750
0.027249,0.26148,1,0.0,4,H,750
0.02705,0.25931,1,0.0,4,H,750
0.026661,0.25697,1,0.0,4,H,750
0.026437,0.25471,1,0.0,4,H,750
0.026291,0.25189,1,0.0,4,H,750
0.026021,0.24889,1,0.0,4,H,750
0.025669,0.24581,1,0.0,4,H,750
0.025246,0.24258,1,0.0,4,H,750
0.024801,0.23903,1,0.0,4,H,750
0.024392,0.23521,1,0.0,4,H,750
0.023999,0.2313,1,0.0,4,H,750
0.023415,0.22709,1,0.0,4,H,750
0.023015,0.22296,1,0.0,4,H,750
0.022682,0.21847,1,0.0,4,H,750
0.022079,0.21352,1,0.0,4,H,750
0.021589,0.20842,1,0.0,4,H,750
0.020945,0.20317,1,0.0,4,H,750
0.020372,0.19769,1,0.0,4,H,750
0.019758,0.1918,1,0.0,4,H,750
0.01908,0.18587,1,0.0,4,H,750
0.018425,0.17979,1,0.0,4,H,750
0.017673,0.17337,1,0.0,4,H,750
0.017253,0.16688,1,0.0,4,H,750
0.01652,0.16052,1,0.0,4,H,750
0.015666,0.15384,1,0.0,4,H,750
0.015105,0.14713,1,0.0,4,H,750
0.014322,0.14056,1,0.0,4,H,750
0.013596,0.13343,1,0.0,4,H,750
0.01284,0.12655,1,0.0,4,H,750
0.01205,0.11975,1,0.0,4,H,750
0.011447,0.11281,1,0.0,4,H,750
0.010736,0.10609,1,0.0,4,H,750
0.010054,0.09939,1,0.0,4,H,750
0.0093282,0.092866,1,0.0,4,H,750
0.0086282,0.086229,1,0.0,4,H,750
0.0080891,0.079951,1,0.0,4,H,750
0.007419,0.073987,1,0.0,4,H,750
0.0068949,0.067739,1,0.0,4,H,750
0.0061574,0.061632,1,0.0,4,H,750
0.0056183,0.055971,1,0.0,4,H,750
0.0051391,0.050239,1,0.0,4,H,750
0.004338,0.044297,1,0.0,4,H,750
0.0039374,0.038871,1,0.0,4,H,750
0.0032973,0.033266,1,0.0,4,H,750
0.0027732,0.027529,1,0.0,4,H,750
0.0024026,0.022444,1,0.0,4,H,750
0.0017587,0.017051,1,0.0,4,H,750
0.0013244,0.011423,1,0.0,4,H,750
0.00085272,0.006061,1,0.0,4,H,750
0.00019384,0.0008069,1,0.0,4,H,750
-0.00035647,-0.0044547,1,0.0,4,H,750
-0.00061852,-0.0097797,1,0.0,4,H,750
-0.0011988,-0.015165,1,0.0,4,H,750
-0.0019063,-0.020669,1,0.0,4,H,750
-0.0024117,-0.026136,1,0.0,4,H,750
-0.002992,-0.031794,1,0.0,4,H,750
-0.0034599,-0.037739,1,0.0,4,H,750
-0.0040739,-0.043502,1,0.0,4,H,750
-0.0047365,-0.049283,1,0.0,4,H,750
-0.0051857,-0.055344,1,0.0,4,H,750
-0.0058633,-0.061457,1,0.0,4,H,750
-0.006612,-0.067705,1,0.0,4,H,750
-0.0071399,-0.074282,1,0.0,4,H,750
-0.007825,-0.08074,1,0.0,4,H,750
-0.0085325,-0.08698,1,0.0,4,H,750
-0.0091689,-0.0938,1,0.0,4,H,750
-0.0099064,-0.10066,1,0.0,4,H,750
-0.010663,-0.10739,1,0.0,4,H,750
-0.01143,-0.11448,1,0.0,4,H,750
-0.011969,-0.12142,1,0.0,4,H,750
-0.012665,-0.1284,1,0.0,4,H,750
-0.013497,-0.13561,1,0.0,4,H,750
-0.014197,-0.14274,1,0.0,4,H,750
-0.01511,-0.14954,1,0.0,4,H,750
-0.015731,-0.15628,1,0.0,4,H,750
-0.016211,-0.1631,1,0.0,4,H,750
-0.016911,-0.16973,1,0.0,4,H,750
-0.017626,-0.17617,1,0.0,4,H,750
-0.018446,-0.18253,1,0.0,4,H,750
-0.019101,-0.18873,1,0.0,4,H,750
-0.019535,-0.19463,1,0.0,4,H,750
-0.020123,-0.2002,1,0.0,4,H,750
-0.020688,-0.20524,1,0.0,4,H,750
-0.021268,-0.21035,1,0.0,4,H,750
-0.021935,-0.21507,1,0.0,4,H,750
-0.022301,-0.2192,1,0.0,4,H,750
-0.022822,-0.2232,1,0.0,4,H,750
-0.02329,-0.22662,1,0.0,4,H,750
-0.023597,-0.22986,1,0.0,4,H,750
-0.024042,-0.23269,1,0.0,4,H,750
-0.024289,-0.23529,1,0.0,4,H,750
-0.024675,-0.23782,1,0.0,4,H,750
-0.024926,-0.24008,1,0.0,4,H,750
-0.025042,-0.24254,1,0.0,4,H,750
-0.025435,-0.24464,1,0.0,4,H,750
-0.025592,-0.24648,1,0.0,4,H,750
-0.025678,-0.2483,1,0.0,4,H,750
-0.026023,-0.24993,1,0.0,4,H,750
-0.026258,-0.25159,1,0.0,4,H,750
-0.026431,-0.25299,1,0.0,4,H,750
-0.02676,-0.25422,1,0.0,4,H,750
-0.026891,-0.2554,1,0.0,4,H,750
-0.026996,-0.25645,1,0.0,4,H,750
-0.027247,-0.25751,1,0.0,4,H,750
-0.027262,-0.25847,1,0.0,4,H,750
-0.027494,-0.25946,1,0.0,4,H,750
-0.027692,-0.26054,1,0.0,4,H,750
-0.027681,-0.26158,1,0.0,4,H,750
-0.027917,-0.26252,1,0.0,4,H,750
-0.028074,-0.26329,1,0.0,4,H,750
-0.028273,-0.26427,1,0.0,4,H,750
-0.028407,-0.26532,1,0.0,4,H,750
-0.028568,-0.26604,1,0.0,4,H,750
-0.028812,-0.26682,1,0.0,4,H,750
-0.028815,-0.26745,1,0.0,4,H,750
-0.028928,-0.26808,1,0.0,4,H,750
-0.028988,-0.26874,1,0.0,4,H,750
-0.029223,-0.26902,1,0.0,4,H,750
-0.029459,-0.26934,1,0.0,4,H,750
-0.029343,-0.26956,1,0.0,4,H,750
-0.029414,-0.26958,1,0.0,4,H,750
-0.02947,-0.26937,1,0.0,4,H,750
-0.029422,-0.26869,1,0.0,4,H,750
-0.029396,-0.26808,1,0.0,4,H,750
-0.029403,-0.26714,1,0.0,4,H,750
-0.029339,-0.26589,1,0.0,4,H,750
-0.029186,-0.26471,1,0.0,4,H,750
-0.029085,-0.26301,1,0.0,4,H,750
-0.02892,-0.26109,1,0.0,4,H,750
-0.028565,-0.25909,1,0.0,4,H,750
-0.02834,-0.25671,1,0.0,4,H,750
-0.028231,-0.25415,1,0.0,4,H,750
-0.027823,-0.25146,1,0.0,4,H,750
-0.027524,-0.24866,1,0.0,4,H,750
-0.027209,-0.2456,1,0.0,4,H,750
-0.026872,-0.24203,1,0.0,4,H,750
-0.026498,-0.23843,1,0.0,4,H,750
-0.025978,-0.23483,1,0.0,4,H,750
-0.025749,-0.23075,1,0.0,4,H,750
-0.02521,-0.22656,1,0.0,4,H,750
-0.024623,-0.22241,1,0.0,4,H,750
-0.024259,-0.21787,1,0.0,4,H,750
-0.023732,-0.213,1,0.0,4,H,750
-0.02326,-0.20816,1,0.0,4,H,750
-0.022579,-0.20286,1,0.0,4,H,750
-0.02198,-0.19725,1,0.0,4,H,750
-0.021399,-0.1916,1,0.0,4,H,750
-0.020752,-0.1854,1,0.0,4,H,750
-0.020156,-0.17934,1,0.0,4,H,750
-0.019337,-0.1733,1,0.0,4,H,750
-0.018666,-0.16674,1,0.0,4,H,750
-0.017966,-0.16021,1,0.0,4,H,750
-0.01727,-0.15362,1,0.0,4,H,750
-0.016682,-0.14691,1,0.0,4,H,750
-0.016008,-0.14018,1,0.0,4,H,750
-0.015207,-0.13329,1,0.0,4,H,750
-0.014335,-0.12634,1,0.0,4,H,750
-0.013732,-0.11948,1,0.0,4,H,750
-0.013118,-0.1127,1,0.0,4,H,750
-0.012445,-0.10594,1,0.0,4,H,750
-0.011831,-0.099346,1,0.0,4,H,750
-0.011157,-0.092903,1,0.0,4,H,750
-0.01024,-0.086435,1,0.0,4,H,750
-0.0095657,-0.080056,1,0.0,4,H,750
-0.00927,-0.073883,1,0.0,4,H,750
-0.0084913,-0.068072,1,0.0,4,H,750
-0.0077651,-0.062055,1,0.0,4,H,750
-0.0073907,-0.056028,1,0.0,4,H,750
-0.006788,-0.05046,1,0.0,4,H,750
-0.006058,-0.044608,1,0.0,4,H,750
-0.0054066,-0.039032,1,0.0,4,H,750
-0.0048525,-0.033588,1,0.0,4,H,750
-0.0044557,-0.027952,1,0.0,4,H,750
-0.0039316,-0.022627,1,0.0,4,H,750
-0.0032989,-0.017287,1,0.0,4,H,750
-0.0028609,-0.011981,1,0.0,4,H,750
-0.0023668,-0.0066146,1,0.0,4,H,750
-0.0019063,-0.0013979,1,0.0,4,H,750
-0.0013635,0.0039123,1,0.0,4,H,750
-0.00079821,0.0093308,1,0.0,4,H,750
-0.00039765,0.014469,1,0.0,4,H,750
0.00022005,0.019884,1,0.0,4,H,750
0.00076661,0.025377,1,0.0,4,H,750
0.0011447,0.031046,1,0.0,4,H,750
0.0017474,0.036681,1,0.0,4,H,750
0.0023389,0.042204,1,0.0,4,H,750
0.002908,0.04831,1,0.0,4,H,750
0.0035818,0.054189,1,0.0,4,H,750
0.004192,0.060026,1,0.0,4,H,750
0.0046824,0.066367,1,0.0,4,H,750
0.0051242,0.072597,1,0.0,4,H,750
0.005944,0.078953,1,0.0,4,H,750
0.0068313,0.085358,1,0.0,4,H,750
0.0074078,0.091999,1,0.0,4,H,750
0.0080217,0.09874,1,0.0,4,H,750
0.0087517,0.10537,1,0.0,4,H,750
0.0094555,0.11244,1,0.0,4,H,750
0.010137,0.11939,1,0.0,4,H,750
0.010964,0.12638,1,0.0,4,H,750
0.011589,0.13352,1,0.0,4,H,750
0.012173,0.14044,1,0.0,4,H,750
0.013083,0.14735,1,0.0,4,H,750
0.01366,0.15397,1,0.0,4,H,750
0.014187,0.16065,1,0.0,4,H,750
0.015112,0.16723,1,0.0,4,H,750
0.015782,0.17355,1,0.0,4,H,750
0.016347,0.17992,1,0.0,4,H,750
0.017137,0.186,1,0.0,4,H,750
0.017676,0.19178,1,0.0,4,H,750
0.018208,0.19734,1,0.0,4,H,750
0.018822,0.20259,1,0.0,4,H,750
0.019492,0.20764,1,0.0,4,H,750
0.020158,0.21236,1,0.0,4,H,750
0.020503,0.21664,1,0.0,4,H,750
0.020855,0.2206,1,0.0,4,H,750
0.021225,0.22403,1,0.0,4,H,750
0.021581,0.22704,1,0.0,4,H,750
0.021899,0.23004,1,0.0,4,H,750
0.022311,0.23289,1,0.0,4,H,750
0.022659,0.23541,1,0.0,4,H,750
0.022835,0.23761,1,0.0,4,H,750
0.023086,0.23995,1,0.0,4,H,750
0.023296,0.24209,1,0.0,4,H,750
0.02358,0.2439,1,0.0,4,H,750
0.023887,0.24591,1,0.0,4,H,750
0.024164,0.24748,1,0.0,4,H,750
0.024228,0.24899,1,0.0,4,H,750
0.024359,0.25044,1,0.0,4,H,750
0.024666,0.25153,1,0.0,4,H,750
0.024917,0.25278,1,0.0,4,H,750
0.025104,0.25374,1,0.0,4,H,750
0.025175,0.2546,1,0.0,4,H,750
0.025261,0.25569,1,0.0,4,H,750
0.025298,0.25678,1,0.0,4,H,750
0.025531,0.25782,1,0.0,4,H,750
0.025856,0.25861,1,0.0,4,H,750
0.025972,0.25969,1,0.0,4,H,750
0.026171,0.26078,1,0.0,4,H,750
0.026399,0.26168,1,0.0,4,H,750
0.026395,0.26268,1,0.0,4,H,750
0.026616,0.26346,1,0.0,4,H,750
0.02686,0.26437,1,0.0,4,H,750
0.026803,0.26509,1,0.0,4,H,750
0.026972,0.26559,1,0.0,4,H,750
0.027215,0.26641,1,0.0,4,H,750
0.027354,0.2669,1,0.0,4,H,750
0.027395,0.26712,1,0.0,4,H,750
0.027455,0.26751,1,0.0,4,H,750
0.027649,0.26753,1,0.0,4,H,750
0.027612,0.26729,1,0.0,4,H,750
0.027664,0.26714,1,0.0,4,H,750
0.027747,0.26644,1,0.0,4,H,750
0.027481,0.2655,1,0.0,4,H,750
0.027515,0.2645,1,0.0,4,H,750
0.027414,0.26316,1,0.0,4,H,750
0.027133,0.26172,1,0.0,4,H,750
0.02705,0.25989,1,0.0,4,H,750
0.026781,0.25784,1,0.0,4,H,750
0.026803,0.25549,1,0.0,4,H,750
0.026541,0.25298,1,0.0,4,H,750
0.025946,0.25047,1,0.0,4,H,750
0.025774,0.24755,1,0.0,4,H,750
0.025448,0.24457,1,0.0,4,H,750
0.025044,0.24134,1,0.0,4,H,750
0.024801,0.23774,1,0.0,4,H,750
0.024505,0.23393,1,0.0,4,H,750
0.023887,0.22989,1,0.0,4,H,750
0.023296,0.22591,1,0.0,4,H,750
0.022914,0.22162,1,0.0,4,H,750
0.022382,0.21707,1,0.0,4,H,750
0.02194,0.21247,1,0.0,4,H,750
0.021472,0.20735,1,0.0,4,H,750
0.020911,0.20227,1,0.0,4,H,750
0.020353,0.1969,1,0.0,4,H,750
0.019769,0.19106,1,0.0,4,H,750
0.019148,0.1854,1,0.0,4,H,750
0.018463,0.17924,1,0.0,4,H,750
0.017751,0.17305,1,0.0,4,H,750
0.017055,0.1667,1,0.0,4,H,750
0.016269,0.15993,1,0.0,4,H,750
0.015576,0.15352,1,0.0,4,H,750
0.015063,0.14679,1,0.0,4,H,750
0.014206,0.13986,1,0.0,4,H,750
0.013484,0.13325,1,0.0,4,H,750
0.012881,0.1263,1,0.0,4,H,750
0.012132,0.11923,1,0.0,4,H,750
0.011455,0.11257,1,0.0,4,H,750
0.010642,0.10584,1,0.0,4,H,750
0.010058,0.099073,1,0.0,4,H,750
0.0093395,0.09257,1,0.0,4,H,750
0.0085645,0.085978,1,0.0,4,H,750
0.0080442,0.079644,1,0.0,4,H,750
0.007404,0.073437,1,0.0,4,H,750
0.0067976,0.067245,1,0.0,4,H,750
0.006075,0.061502,1,0.0,4,H,750
0.0054648,0.05565,1,0.0,4,H,750
0.0048883,0.049667,1,0.0,4,H,750
0.0043492,0.043957,1,0.0,4,H,750
0.0039,0.038352,1,0.0,4,H,750
0.003301,0.03278,1,0.0,4,H,750
0.0028293,0.027436,1,0.0,4,H,750
0.0021181,0.022025,1,0.0,4,H,750
0.0015715,0.016599,1,0.0,4,H,750
0.0011672,0.011416,1,0.0,4,H,750
0.00058692,0.0061357,1,0.0,4,H,750
0.00016389,0.00069479,1,0.0,4,H,750
-0.00033026,-0.0046639,1,0.0,4,H,750
-0.00084314,-0.0098919,1,0.0,4,H,750
-0.0014571,-0.01528,1,0.0,4,H,750
-0.0019438,-0.020662,1,0.0,4,H,750
-0.0024042,-0.026188,1,0.0,4,H,750
-0.0030406,-0.031839,1,0.0,4,H,750
-0.0035048,-0.037351,1,0.0,4,H,750
-0.0041413,-0.043206,1,0.0,4,H,750
-0.0047402,-0.049111,1,0.0,4,H,750
-0.005328,-0.055015,1,0.0,4,H,750
-0.0060243,-0.061211,1,0.0,4,H,750
-0.0065933,-0.067433,1,0.0,4,H,750
-0.0071736,-0.073797,1,0.0,4,H,750
-0.0077314,-0.080276,1,0.0,4,H,750
-0.0085961,-0.086775,1,0.0,4,H,750
-0.0092063,-0.093434,1,0.0,4,H,750
-0.0097454,-0.10015,1,0.0,4,H,750
-0.010685,-0.10707,1,0.0,4,H,750
-0.011217,-0.11403,1,0.0,4,H,750
-0.011842,-0.1209,1,0.0,4,H,750
-0.012725,-0.12806,1,0.0,4,H,750
-0.013425,-0.13501,1,0.0,4,H,750
-0.01411,-0.1419,1,0.0,4,H,750
-0.01484,-0.14899,1,0.0,4,H,750
-0.015615,-0.15588,1,0.0,4,H,750
-0.016207,-0.16241,1,0.0,4,H,750
-0.016843,-0.16889,1,0.0,4,H,750
-0.017637,-0.17564,1,0.0,4,H,750
-0.018374,-0.18176,1,0.0,4,H,750
-0.019,-0.18765,1,0.0,4,H,750
-0.019505,-0.1936,1,0.0,4,H,750
-0.02019,-0.19911,1,0.0,4,H,750
-0.020744,-0.20456,1,0.0,4,H,750
-0.021216,-0.20946,1,0.0,4,H,750
-0.021961,-0.2142,1,0.0,4,H,750
-0.022376,-0.21852,1,0.0,4,H,750
-0.022762,-0.22225,1,0.0,4,H,750
-0.023294,-0.22594,1,0.0,4,H,750
-0.023608,-0.22901,1,0.0,4,H,750
-0.024039,-0.23185,1,0.0,4,H,750
-0.024274,-0.23467,1,0.0,4,H,750
-0.02436,-0.23722,1,0.0,4,H,750
-0.024694,-0.23955,1,0.0,4,H,750
-0.024952,-0.24177,1,0.0,4,H,750
-0.02515,-0.24369,1,0.0,4,H,750
-0.025484,-0.24563,1,0.0,4,H,750
-0.025802,-0.24747,1,0.0,4,H,750
-0.025948,-0.24901,1,0.0,4,H,750
-0.026008,-0.25055,1,0.0,4,H,750
-0.026367,-0.25188,1,0.0,4,H,750
-0.026588,-0.25322,1,0.0,4,H,750
-0.026517,-0.25442,1,0.0,4,H,750
-0.026809,-0.25552,1,0.0,4,H,750
-0.026891,-0.25652,1,0.0,4,H,750
-0.027007,-0.25745,1,0.0,4,H,750
-0.027318,-0.2585,1,0.0,4,H,750
-0.027438,-0.25934,1,0.0,4,H,750
-0.02773,-0.26033,1,0.0,4,H,750
-0.027827,-0.26147,1,0.0,4,H,750
-0.028059,-0.26244,1,0.0,4,H,750
-0.028329,-0.26337,1,0.0,4,H,750
-0.028359,-0.26439,1,0.0,4,H,750
-0.028475,-0.2652,1,0.0,4,H,750
-0.028557,-0.26593,1,0.0,4,H,750
-0.028879,-0.2667,1,0.0,4,H,750
-0.02901,-0.26734,1,0.0,4,H,750
-0.029092,-0.26784,1,0.0,4,H,750
-0.029317,-0.26838,1,0.0,4,H,750
-0.029231,-0.26878,1,0.0,4,H,750
-0.029369,-0.26864,1,0.0,4,H,750
-0.029358,-0.26882,1,0.0,4,H,750
-0.029384,-0.26887,1,0.0,4,H,750
-0.029594,-0.2682,1,0.0,4,H,750
-0.029426,-0.26748,1,0.0,4,H,750
-0.029414,-0.26665,1,0.0,4,H,750
-0.029328,-0.26551,1,0.0,4,H,750
-0.029186,-0.264,1,0.0,4,H,750
-0.028961,-0.26231,1,0.0,4,H,750
-0.028598,-0.26039,1,0.0,4,H,750
-0.028703,-0.25846,1,0.0,4,H,750
-0.02846,-0.25616,1,0.0,4,H,750
-0.027981,-0.25351,1,0.0,4,H,750
-0.027932,-0.25095,1,0.0,4,H,750
-0.027632,-0.24793,1,0.0,4,H,750
-0.027217,-0.24489,1,0.0,4,H,750
-0.026857,-0.24169,1,0.0,4,H,750
-0.026412,-0.23812,1,0.0,4,H,750
-0.026004,-0.23444,1,0.0,4,H,750
-0.025648,-0.23044,1,0.0,4,H,750
-0.025158,-0.22626,1,0.0,4,H,750
-0.024566,-0.22192,1,0.0,4,H,750
-0.02417,-0.21736,1,0.0,4,H,750
-0.023645,-0.21262,1,0.0,4,H,750
-0.023058,-0.20763,1,0.0,4,H,750
-0.022556,-0.2023,1,0.0,4,H,750
-0.022021,-0.197,1,0.0,4,H,750
-0.02144,-0.19141,1,0.0,4,H,750
-0.02074,-0.18541,1,0.0,4,H,750
-0.020048,-0.17952,1,0.0,4,H,750
-0.019359,-0.17319,1,0.0,4,H,750
-0.018775,-0.16683,1,0.0,4,H,750
-0.01824,-0.16059,1,0.0,4,H,750
-0.01742,-0.15382,1,0.0,4,H,750
-0.016645,-0.14698,1,0.0,4,H,750
-0.015945,-0.14028,1,0.0,4,H,750
-0.015073,-0.13356,1,0.0,4,H,750
-0.014552,-0.1266,1,0.0,4,H,750
-0.01392,-0.11975,1,0.0,4,H,750
-0.01313,-0.11302,1,0.0,4,H,750
-0.012471,-0.10611,1,0.0,4,H,750
-0.01158,-0.099536,1,0.0,4,H,750
-0.011048,-0.092997,1,0.0,4,H,750
-0.010434,-0.086315,1,0.0,4,H,750
-0.0097117,-0.07997,1,0.0,4,H,750
-0.0091951,-0.07389,1,0.0,4,H,750
-0.0083491,-0.067698,1,0.0,4,H,750
-0.0078025,-0.06167,1,0.0,4,H,750
-0.0072859,-0.055968,1,0.0,4,H,750
-0.0065147,-0.050191,1,0.0,4,H,750
-0.0060767,-0.044428,1,0.0,4,H,750
-0.0055676,-0.038786,1,0.0,4,H,750
-0.0049985,-0.033229,1,0.0,4,H,750
-0.0044258,-0.027848,1,0.0,4,H,750
-0.003853,-0.02256,1,0.0,4,H,750
-0.0034524,-0.017141,1,0.0,4,H,750
-0.0029171,-0.011768,1,0.0,4,H,750
-0.0023406,-0.006424,1,0.0,4,H,750
-0.0017753,-0.0012222,1,0.0,4,H,750
-0.0014159,0.0040468,1,0.0,4,H,750
-0.0010004,0.0096185,1,0.0,4,H,750
-0.00044257,0.01479,1,0.0,4,H,750
3.2868e-05,0.020089,1,0.0,4,H,750
0.00064682,0.025616,1,0.0,4,H,750
0.0012196,0.031035,1,0.0,4,H,750
0.0017736,0.036741,1,0.0,4,H,750
0.0022341,0.042455,1,0.0,4,H,750
0.0028855,0.048325,1,0.0,4,H,750
0.0035556,0.054297,1,0.0,4,H,750
0.0040572,0.060257,1,0.0,4,H,750
0.0047161,0.06661,1,0.0,4,H,750
0.0053338,0.072993,1,0.0,4,H,750
0.0059852,0.079304,1,0.0,4,H,750
0.0065804,0.085821,1,0.0,4,H,750
0.0071906,0.092432,1,0.0,4,H,750
0.0081265,0.099147,1,0.0,4,H,750
0.0089464,0.10593,1,0.0,4,H,750
0.0093544,0.11275,1,0.0,4,H,750
0.010062,0.11969,1,0.0,4,H,750
0.010886,0.1267,1,0.0,4,H,750
0.011567,0.13369,1,0.0,4,H,750
0.012413,0.14066,1,0.0,4,H,750
0.013109,0.14757,1,0.0,4,H,750
0.013716,0.15434,1,0.0,4,H,750
0.01439,0.16094,1,0.0,4,H,750
0.015116,0.16745,1,0.0,4,H,750
0.015797,0.17396,1,0.0,4,H,750
0.016493,0.18015,1,0.0,4,H,750
0.017021,0.18608,1,0.0,4,H,750
0.017527,0.19183,1,0.0,4,H,750
0.018335,0.19732,1,0.0,4,H,750
0.018803,0.20257,1,0.0,4,H,750
0.019428,0.20788,1,0.0,4,H,750
0.020297,0.21277,1,0.0,4,H,750
0.02051,0.21685,1,0.0,4,H,750
0.020739,0.22087,1,0.0,4,H,750
0.021308,0.22458,1,0.0,4,H,750
0.021776,0.22779,1,0.0,4,H,750
0.022217,0.23073,1,0.0,4,H,750
0.02242,0.23331,1,0.0,4,H,750
0.022528,0.23593,1,0.0,4,H,750
0.022936,0.2384,1,0.0,4,H,750
0.023254,0.24047,1,0.0,4,H,750
0.023385,0.24252,1,0.0,4,H,750
0.023681,0.24455,1,0.0,4,H,750
0.024078,0.24636,1,0.0,4,H,750
0.02425,0.24795,1,0.0,4,H,750
0.024325,0.2496,1,0.0,4,H,750
0.024494,0.25097,1,0.0,4,H,750
0.024797,0.25207,1,0.0,4,H,750
0.025033,0.25329,1,0.0,4,H,750
0.024984,0.25427,1,0.0,4,H,750
0.025089,0.25525,1,0.0,4,H,750
0.025336,0.25633,1,0.0,4,H,750
0.025459,0.25714,1,0.0,4,H,750
0.025583,0.25801,1,0.0,4,H,750
0.025826,0.25917,1,0.0,4,H,750
0.02604,0.26026,1,0.0,4,H,750
0.026174,0.26123,1,0.0,4,H,750
0.02638,0.26236,1,0.0,4,H,750
0.02665,0.26334,1,0.0,4,H,750
0.026807,0.26423,1,0.0,4,H,750
0.026826,0.26501,1,0.0,4,H,750
0.026994,0.26566,1,0.0,4,H,750
0.027047,0.26643,1,0.0,4,H,750
0.027204,0.26699,1,0.0,4,H,750
0.027466,0.26741,1,0.0,4,H,750
0.027526,0.26785,1,0.0,4,H,750
0.02759,0.26807,1,0.0,4,H,750
0.027556,0.26802,1,0.0,4,H,750
0.027683,0.26791,1,0.0,4,H,750
0.027676,0.26767,1,0.0,4,H,750
0.027545,0.26717,1,0.0,4,H,750
0.027657,0.26639,1,0.0,4,H,750
0.027459,0.26514,1,0.0,4,H,750
0.027361,0.26385,1,0.0,4,H,750
0.027361,0.2623,1,0.0,4,H,750
0.026912,0.26028,1,0.0,4,H,750
0.026871,0.25829,1,0.0,4,H,750
0.026878,0.25606,1,0.0,4,H,750
0.026328,0.25351,1,0.0,4,H,750
0.026092,0.25079,1,0.0,4,H,750
0.025912,0.24805,1,0.0,4,H,750
0.025546,0.24508,1,0.0,4,H,750
0.025227,0.24169,1,0.0,4,H,750
0.024707,0.23817,1,0.0,4,H,750
0.024385,0.23447,1,0.0,4,H,750
0.024007,0.23065,1,0.0,4,H,750
0.023341,0.22647,1,0.0,4,H,750
0.022944,0.22203,1,0.0,4,H,750
0.022569,0.21746,1,0.0,4,H,750
0.022019,0.21279,1,0.0,4,H,750
0.02142,0.20798,1,0.0,4,H,750
0.020787,0.20274,1,0.0,4,H,750
0.020282,0.19739,1,0.0,4,H,750
0.019833,0.19179,1,0.0,4,H,750
0.019174,0.18592,1,0.0,4,H,750
0.018377,0.17994,1,0.0,4,H,750
0.017718,0.17359,1,0.0,4,H,750
0.017092,0.16727,1,0.0,4,H,750
0.016392,0.16088,1,0.0,4,H,750
0.015782,0.1542,1,0.0,4,H,750
0.015078,0.14753,1,0.0,4,H,750
0.014303,0.14082,1,0.0,4,H,750
0.013746,0.134,1,0.0,4,H,750
0.012885,0.12736,1,0.0,4,H,750
0.012099,0.12039,1,0.0,4,H,750
0.011578,0.11333,1,0.0,4,H,750
0.010736,0.10673,1,0.0,4,H,750
0.010122,0.099865,1,0.0,4,H,750
0.0095154,0.093191,1,0.0,4,H,750
0.0088266,0.086883,1,0.0,4,H,750
0.0082351,0.080362,1,0.0,4,H,750
0.0073965,0.074013,1,0.0,4,H,750
0.0067863,0.067821,1,0.0,4,H,750
0.0062959,0.061857,1,0.0,4,H,750
0.005521,0.056199,1,0.0,4,H,750
0.0049782,0.050369,1,0.0,4,H,750
0.0045813,0.044521,1,0.0,4,H,750
0.0038701,0.038886,1,0.0,4,H,750
0.0033123,0.033307,1,0.0,4,H,750
0.0028705,0.027862,1,0.0,4,H,750
0.002294,0.022593,1,0.0,4,H,750
0.0017849,0.017189,1,0.0,4,H,750
0.0012084,0.011524,1,0.0,4,H,750
0.00071795,0.0062067,1,0.0,4,H,750
0.00019384,0.00099001,1,0.0,4,H,750
-0.00037519,-0.0044808,1,0.0,4,H,750
-0.00079447,-0.0098881,1,0.0,4,H,750
-0.0013298,-0.015202,1,0.0,4,H,750
-0.0018389,-0.020609,1,0.0,4,H,750
-0.0022395,-0.026259,1,0.0,4,H,750
-0.0028085,-0.031689,1,0.0,4,H,750
-0.0035722,-0.037324,1,0.0,4,H,750
-0.004115,-0.043218,1,0.0,4,H,750
-0.0044819,-0.049084,1,0.0,4,H,750
-0.005313,-0.055243,1,0.0,4,H,750
-0.0060131,-0.061476,1,0.0,4,H,750
-0.0064323,-0.067881,1,0.0,4,H,750
-0.007196,-0.074129,1,0.0,4,H,750
-0.0078212,-0.08062,1,0.0,4,H,750
-0.0084052,-0.087391,1,0.0,4,H,750
-0.0091015,-0.093901,1,0.0,4,H,750
-0.0098166,-0.1008,1,0.0,4,H,750
-0.010595,-0.10763,1,0.0,4,H,750
-0.011318,-0.11444,1,0.0,4,H,750
-0.012138,-0.12155,1,0.0,4,H,750
-0.01283,-0.12856,1,0.0,4,H,750
-0.013429,-0.13561,1,0.0,4,H,750
-0.014114,-0.14266,1,0.0,4,H,750
-0.014762,-0.1495,1,0.0,4,H,750
-0.015574,-0.15628,1,0.0,4,H,750
-0.016379,-0.16313,1,0.0,4,H,750
-0.016881,-0.16969,1,0.0,4,H,750
-0.017577,-0.17606,1,0.0,4,H,750
-0.018374,-0.18217,1,0.0,4,H,750
-0.018958,-0.18825,1,0.0,4,H,750
-0.019572,-0.19416,1,0.0,4,H,750
-0.020198,-0.19948,1,0.0,4,H,750
-0.020812,-0.20484,1,0.0,4,H,750
-0.021324,-0.21004,1,0.0,4,H,750
-0.021987,-0.21501,1,0.0,4,H,750
-0.022586,-0.21932,1,0.0,4,H,750
-0.022841,-0.22304,1,0.0,4,H,750
-0.023312,-0.22687,1,0.0,4,H,750
-0.023713,-0.2302,1,0.0,4,H,750
-0.024027,-0.23301,1,0.0,4,H,750
-0.024458,-0.23565,1,0.0,4,H,750
-0.024555,-0.23815,1,0.0,4,H,750
-0.02481,-0.24061,1,0.0,4,H,750
-0.025192,-0.24276,1,0.0,4,H,750
-0.02536,-0.24464,1,0.0,4,H,750
-0.025525,-0.24674,1,0.0,4,H,750
-0.025805,-0.2486,1,0.0,4,H,750
-0.026109,-0.25034,1,0.0,4,H,750
-0.026232,-0.25201,1,0.0,4,H,750
-0.026464,-0.25333,1,0.0,4,H,750
-0.026577,-0.25472,1,0.0,4,H,750
-0.026689,-0.25589,1,0.0,4,H,750
-0.026944,-0.25673,1,0.0,4,H,750
-0.027164,-0.25768,1,0.0,4,H,750
-0.027355,-0.25871,1,0.0,4,H,750
-0.027337,-0.25955,1,0.0,4,H,750
-0.027576,-0.26054,1,0.0,4,H,750
-0.02779,-0.26149,1,0.0,4,H,750
-0.027887,-0.26253,1,0.0,4,H,750
-0.028134,-0.26384,1,0.0,4,H,750
-0.028216,-0.26475,1,0.0,4,H,750
-0.028441,-0.26554,1,0.0,4,H,750
-0.028632,-0.26643,1,0.0,4,H,750
-0.028763,-0.26705,1,0.0,4,H,750
-0.028924,-0.26785,1,0.0,4,H,750
-0.029003,-0.2687,1,0.0,4,H,750
-0.02919,-0.2691,1,0.0,4,H,750
-0.02925,-0.26957,1,0.0,4,H,750
-0.029313,-0.26992,1,0.0,4,H,750
-0.029489,-0.26995,1,0.0,4,H,750
-0.029422,-0.27002,1,0.0,4,H,750
-0.029373,-0.26978,1,0.0,4,H,750
-0.029444,-0.26938,1,0.0,4,H,750
-0.029485,-0.26892,1,0.0,4,H,750
-0.029523,-0.26801,1,0.0,4,H,750
-0.029253,-0.26664,1,0.0,4,H,750
-0.029122,-0.26529,1,0.0,4,H,750
-0.029134,-0.26383,1,0.0,4,H,750
-0.028898,-0.2617,1,0.0,4,H,750
-0.028755,-0.25949,1,0.0,4,H,750
-0.028535,-0.25725,1,0.0,4,H,750
-0.028258,-0.25452,1,0.0,4,H,750
-0.027988,-0.25174,1,0.0,4,H,750
-0.027681,-0.24891,1,0.0,4,H,750
-0.027292,-0.24583,1,0.0,4,H,750
-0.026835,-0.24253,1,0.0,4,H,750
-0.026479,-0.23885,1,0.0,4,H,750
-0.026139,-0.23503,1,0.0,4,H,750
-0.025704,-0.23104,1,0.0,4,H,750
-0.025214,-0.22671,1,0.0,4,H,750
-0.02472,-0.22236,1,0.0,4,H,750
-0.02414,-0.2178,1,0.0,4,H,750
-0.023623,-0.21291,1,0.0,4,H,750
-0.023125,-0.20801,1,0.0,4,H,750
-0.022462,-0.20299,1,0.0,4,H,750
-0.021987,-0.19749,1,0.0,4,H,750
-0.021294,-0.19176,1,0.0,4,H,750
-0.020609,-0.18593,1,0.0,4,H,750
-0.020198,-0.17976,1,0.0,4,H,750
-0.019516,-0.17349,1,0.0,4,H,750
-0.01894,-0.16712,1,0.0,4,H,750
-0.018112,-0.16066,1,0.0,4,H,750
-0.01736,-0.15412,1,0.0,4,H,750
-0.01675,-0.14746,1,0.0,4,H,750
-0.015859,-0.14062,1,0.0,4,H,750
-0.015428,-0.13375,1,0.0,4,H,750
-0.014687,-0.12698,1,0.0,4,H,750
-0.013867,-0.12006,1,0.0,4,H,750
-0.013205,-0.1132,1,0.0,4,H,750
-0.0124,-0.10648,1,0.0,4,H,750
-0.011793,-0.099809,1,0.0,4,H,750
-0.010962,-0.09315,1,0.0,4,H,750
-0.010382,-0.086618,1,0.0,4,H,750
-0.0097117,-0.080157,1,0.0,4,H,750
-0.0089967,-0.073954,1,0.0,4,H,750
-0.0085437,-0.068057,1,0.0,4,H,750
-0.0077613,-0.061962,1,0.0,4,H,750
-0.0072073,-0.055975,1,0.0,4,H,750
-0.0067767,-0.050314,1,0.0,4,H,750
-0.0061104,-0.044656,1,0.0,4,H,750
-0.0053879,-0.038905,1,0.0,4,H,750
-0.0049087,-0.033479,1,0.0,4,H,750
-0.0045231,-0.028135,1,0.0,4,H,750
-0.0038755,-0.022601,1,0.0,4,H,750
-0.0033514,-0.017269,1,0.0,4,H,750
-0.002846,-0.011865,1,0.0,4,H,750
-0.0023181,-0.0064352,1,0.0,4,H,750
-0.0018726,-0.0011251,1,0.0,4,H,750
-0.001371,0.0043046,1,0.0,4,H,750
-0.00093673,0.0097157,1,0.0,4,H,750
-0.00036021,0.015033,1,0.0,4,H,750
0.0002762,0.020452,1,0.0,4,H,750
0.00069923,0.02596,1,0.0,4,H,750
0.0012795,0.031633,1,0.0,4,H,750
0.0019084,0.03735,1,0.0,4,H,750
0.0023726,0.04312,1,0.0,4,H,750
0.0030876,0.049118,1,0.0,4,H,750
0.0037278,0.055041,1,0.0,4,H,750
0.0041658,0.061169,1,0.0,4,H,750
0.0047573,0.067492,1,0.0,4,H,750
0.0053825,0.073938,1,0.0,4,H,750
0.0061611,0.080642,1,0.0,4,H,750
0.0069211,0.087144,1,0.0,4,H,750
0.0075201,0.093647,1,0.0,4,H,750
0.0080966,0.10048,1,0.0,4,H,750
0.0088453,0.10741,1,0.0,4,H,750
0.0095229,0.11436,1,0.0,4,H,750
0.01026,0.12128,1,0.0,4,H,750
0.011114,0.12815,1,0.0,4,H,750
0.011582,0.13516,1,0.0,4,H,750
0.012439,0.14211,1,0.0,4,H,750
0.013255,0.14888,1,0.0,4,H,750
0.013682,0.15574,1,0.0,4,H,750
0.014363,0.16237,1,0.0,4,H,750
0.015262,0.16877,1,0.0,4,H,750
0.016097,0.1751,1,0.0,4,H,750
0.016527,0.18131,1,0.0,4,H,750
0.017149,0.18733,1,0.0,4,H,750
0.017778,0.193,1,0.0,4,H,750
0.018339,0.19856,1,0.0,4,H,750
0.019032,0.20378,1,0.0,4,H,750
0.019631,0.20874,1,0.0,4,H,750
0.02023,0.21377,1,0.0,4,H,750
0.020589,0.21813,1,0.0,4,H,750
0.021012,0.22207,1,0.0,4,H,750
0.021394,0.22564,1,0.0,4,H,750
0.021779,0.22883,1,0.0,4,H,750
0.022255,0.23191,1,0.0,4,H,750
0.022311,0.23463,1,0.0,4,H,750
0.022633,0.23736,1,0.0,4,H,750
0.023157,0.23974,1,0.0,4,H,750
0.02321,0.24181,1,0.0,4,H,750
0.023535,0.24381,1,0.0,4,H,750
0.023913,0.24577,1,0.0,4,H,750
0.023962,0.24774,1,0.0,4,H,750
0.024175,0.24937,1,0.0,4,H,750
0.024501,0.25094,1,0.0,4,H,750
0.024774,0.2523,1,0.0,4,H,750
0.024894,0.25344,1,0.0,4,H,750
0.025111,0.25465,1,0.0,4,H,750
0.025224,0.25559,1,0.0,4,H,750
0.025239,0.25649,1,0.0,4,H,750
0.025534,0.25748,1,0.0,4,H,750
0.02568,0.25846,1,0.0,4,H,750
0.025647,0.25958,1,0.0,4,H,750
0.025894,0.26044,1,0.0,4,H,750
0.026167,0.26124,1,0.0,4,H,750
0.026369,0.26238,1,0.0,4,H,750
0.026605,0.26343,1,0.0,4,H,750
0.026665,0.26447,1,0.0,4,H,750
0.026848,0.26537,1,0.0,4,H,750
0.027148,0.26616,1,0.0,4,H,750
0.027185,0.26698,1,0.0,4,H,750
0.027249,0.26762,1,0.0,4,H,750
0.027354,0.26822,1,0.0,4,H,750
0.027346,0.26868,1,0.0,4,H,750
0.027488,0.26914,1,0.0,4,H,750
0.027605,0.26938,1,0.0,4,H,750
0.027642,0.2693,1,0.0,4,H,750
0.027683,0.26932,1,0.0,4,H,750
0.027721,0.26886,1,0.0,4,H,750
0.027724,0.26834,1,0.0,4,H,750
0.027724,0.2678,1,0.0,4,H,750
0.027721,0.26647,1,0.0,4,H,750
0.027619,0.26527,1,0.0,4,H,750
0.027605,0.26369,1,0.0,4,H,750
0.027193,0.26171,1,0.0,4,H,750
0.026886,0.25969,1,0.0,4,H,750
0.026863,0.25717,1,0.0,4,H,750
0.026437,0.25473,1,0.0,4,H,750
0.026283,0.25203,1,0.0,4,H,750
0.025995,0.24894,1,0.0,4,H,750
0.025568,0.24581,1,0.0,4,H,750
0.025351,0.24256,1,0.0,4,H,750
0.024782,0.23899,1,0.0,4,H,750
0.024265,0.23526,1,0.0,4,H,750
0.023932,0.23125,1,0.0,4,H,750
0.023531,0.22681,1,0.0,4,H,750
0.023052,0.22243,1,0.0,4,H,750
0.022513,0.21761,1,0.0,4,H,750
0.021843,0.2127,1,0.0,4,H,750
0.021405,0.20792,1,0.0,4,H,750
0.021027,0.2027,1,0.0,4,H,750
0.020312,0.19717,1,0.0,4,H,750
0.019676,0.19151,1,0.0,4,H,750
0.018972,0.18565,1,0.0,4,H,750
0.018347,0.1796,1,0.0,4,H,750
0.017849,0.17358,1,0.0,4,H,750
0.017137,0.16712,1,0.0,4,H,750
0.016467,0.16057,1,0.0,4,H,750
0.015895,0.15412,1,0.0,4,H,750
0.015146,0.14725,1,0.0,4,H,750
0.014333,0.1406,1,0.0,4,H,750
0.013705,0.13382,1,0.0,4,H,750
0.012945,0.12677,1,0.0,4,H,750
0.012203,0.12006,1,0.0,4,H,750
0.011518,0.11315,1,0.0,4,H,750
0.010691,0.10625,1,0.0,4,H,750
0.010129,0.09954,1,0.0,4,H,750
0.0095304,0.092895,1,0.0,4,H,750
0.0087218,0.086446,1,0.0,4,H,750
0.0080255,0.079738,1,0.0,4,H,750
0.0072992,0.073531,1,0.0,4,H,750
0.0067601,0.067574,1,0.0,4,H,750
0.0062922,0.061401,1,0.0,4,H,750
0.0056558,0.055609,1,0.0,4,H,750
0.0050605,0.049745,1,0.0,4,H,750
0.004469,0.04411,1,0.0,4,H,750
0.0038888,0.038553,1,0.0,4,H,750
0.0033497,0.033012,1,0.0,4,H,750
0.0028293,0.027645,1,0.0,4,H,750
0.0022379,0.02201,1,0.0,4,H,750
0.0016651,0.016621,1,0.0,4,H,750
0.0011223,0.01139,1,0.0,4,H,750
0.00059815,0.0060124,1,0.0,4,H,750
0.0001901,0.00051916,1,0.0,4,H,750
-0.00040513,-0.0049928,1,0.0,4,H,750
-0.00090303,-0.010363,1,0.0,4,H,750
-0.0012549,-0.015886,1,0.0,4,H,750
-0.0018577,-0.021375,1,0.0,4,H,750
-0.0025203,-0.02685,1,0.0,4,H,750
-0.0030144,-0.032452,1,0.0,4,H,750
-0.0035011,-0.038049,1,0.0,4,H,750
-0.0042086,-0.043931,1,0.0,4,H,750
-0.0047777,-0.049918,1,0.0,4,H,750
-0.0053542,-0.055874,1,0.0,4,H,750
-0.0058895,-0.062156,1,0.0,4,H,750
-0.0065259,-0.068569,1,0.0,4,H,750
-0.0073383,-0.07497,1,0.0,4,H,750
-0.0078849,-0.081588,1,0.0,4,H,750
-0.0086373,-0.088363,1,0.0,4,H,750
-0.009285,-0.095033,1,0.0,4,H,750
-0.010011,-0.10182,1,0.0,4,H,750
-0.010876,-0.10883,1,0.0,4,H,750
-0.011404,-0.11577,1,0.0,4,H,750
-0.012089,-0.12283,1,0.0,4,H,750
-0.012826,-0.1298,1,0.0,4,H,750
-0.013571,-0.1367,1,0.0,4,H,750
-0.014223,-0.14378,1,0.0,4,H,750
-0.014889,-0.15058,1,0.0,4,H,750
-0.01572,-0.1574,1,0.0,4,H,750
-0.016439,-0.16438,1,0.0,4,H,750
-0.017132,-0.17092,1,0.0,4,H,750
-0.017663,-0.17713,1,0.0,4,H,750
-0.018374,-0.18331,1,0.0,4,H,750
-0.019191,-0.18941,1,0.0,4,H,750
-0.019696,-0.19523,1,0.0,4,H,750
-0.020269,-0.20048,1,0.0,4,H,750
-0.020819,-0.20558,1,0.0,4,H,750
-0.021306,-0.21072,1,0.0,4,H,750
-0.022058,-0.21551,1,0.0,4,H,750
-0.02262,-0.21989,1,0.0,4,H,750
-0.022807,-0.22381,1,0.0,4,H,750
-0.02335,-0.22736,1,0.0,4,H,750
-0.023803,-0.23065,1,0.0,4,H,750
-0.023937,-0.2336,1,0.0,4,H,750
-0.024357,-0.23642,1,0.0,4,H,750
-0.024652,-0.23898,1,0.0,4,H,750
-0.024986,-0.24117,1,0.0,4,H,750
-0.025263,-0.24334,1,0.0,4,H,750
-0.025334,-0.2454,1,0.0,4,H,750
-0.025659,-0.24735,1,0.0,4,H,750
-0.025809,-0.24914,1,0.0,4,H,750
-0.02612,-0.25074,1,0.0,4,H,750
-0.026464,-0.25222,1,0.0,4,H,750
-0.026521,-0.25357,1,0.0,4,H,750
-0.026827,-0.25486,1,0.0,4,H,750
-0.02697,-0.25597,1,0.0,4,H,750
-0.027112,-0.25694,1,0.0,4,H,750
-0.027108,-0.25786,1,0.0,4,H,750
-0.027116,-0.25871,1,0.0,4,H,750
-0.027629,-0.25964,1,0.0,4,H,750
-0.027632,-0.26049,1,0.0,4,H,750
-0.027614,-0.26138,1,0.0,4,H,750
-0.027917,-0.2625,1,0.0,4,H,750
-0.028007,-0.2635,1,0.0,4,H,750
-0.028183,-0.26449,1,0.0,4,H,750
-0.028411,-0.26542,1,0.0,4,H,750
-0.028714,-0.26631,1,0.0,4,H,750
-0.028928,-0.26712,1,0.0,4,H,750
-0.028961,-0.26769,1,0.0,4,H,750
-0.028973,-0.26845,1,0.0,4,H,750
-0.029122,-0.26901,1,0.0,4,H,750
-0.029343,-0.26917,1,0.0,4,H,750
-0.029302,-0.26947,1,0.0,4,H,750
-0.029482,-0.26989,1,0.0,4,H,750
-0.029568,-0.26994,1,0.0,4,H,750
-0.029452,-0.26968,1,0.0,4,H,750
-0.02971,-0.26938,1,0.0,4,H,750
-0.029463,-0.2688,1,0.0,4,H,750
-0.029381,-0.26797,1,0.0,4,H,750
-0.029527,-0.26689,1,0.0,4,H,750
-0.029205,-0.2655,1,0.0,4,H,750
-0.02925,-0.26387,1,0.0,4,H,750
-0.028965,-0.26189,1,0.0,4,H,750
-0.028654,-0.25963,1,0.0,4,H,750
-0.028583,-0.25726,1,0.0,4,H,750
-0.028138,-0.25476,1,0.0,4,H,750
-0.027891,-0.25191,1,0.0,4,H,750
-0.027565,-0.24881,1,0.0,4,H,750
-0.027127,-0.24567,1,0.0,4,H,750
-0.026869,-0.24229,1,0.0,4,H,750
-0.026483,-0.23874,1,0.0,4,H,750
-0.026116,-0.2349,1,0.0,4,H,750
-0.025776,-0.23089,1,0.0,4,H,750
-0.025285,-0.22674,1,0.0,4,H,750
-0.02481,-0.22216,1,0.0,4,H,750
-0.024185,-0.21754,1,0.0,4,H,750
-0.023593,-0.21248,1,0.0,4,H,750
-0.023129,-0.20725,1,0.0,4,H,750
-0.022414,-0.20233,1,0.0,4,H,750
-0.021744,-0.19674,1,0.0,4,H,750
-0.021388,-0.19109,1,0.0,4,H,750
-0.020838,-0.18531,1,0.0,4,H,750
-0.020014,-0.17915,1,0.0,4,H,750
-0.019415,-0.17309,1,0.0,4,H,750
-0.018816,-0.16669,1,0.0,4,H,750
-0.01815,-0.16028,1,0.0,4,H,750
-0.017483,-0.15367,1,0.0,4,H,750
-0.016716,-0.14683,1,0.0,4,H,750
-0.015964,-0.13999,1,0.0,4,H,750
-0.015312,-0.13316,1,0.0,4,H,750
-0.014642,-0.1264,1,0.0,4,H,750
-0.013774,-0.11948,1,0.0,4,H,750
-0.013088,-0.11267,1,0.0,4,H,750
-0.01237,-0.10584,1,0.0,4,H,750
-0.011602,-0.099133,1,0.0,4,H,750
-0.011093,-0.092533,1,0.0,4,H,750
-0.010464,-0.085971,1,0.0,4,H,750
-0.0097829,-0.079649,1,0.0,4,H,750
-0.009139,-0.073333,1,0.0,4,H,750
-0.0084988,-0.067246,1,0.0,4,H,750
-0.0078062,-0.06133,1,0.0,4,H,750
-0.0072522,-0.055501,1,0.0,4,H,750
-0.0066944,-0.049686,1,0.0,4,H,750
-0.0059719,-0.044099,1,0.0,4,H,750
-0.0054702,-0.038707,1,0.0,4,H,750
-0.0049948,-0.032941,1,0.0,4,H,750
-0.0044595,-0.027552,1,0.0,4,H,750
-0.0038455,-0.022407,1,0.0,4,H,750
-0.00343,-0.016928,1,0.0,4,H,750
-0.0029882,-0.011581,1,0.0,4,H,750
-0.0023818,-0.0062222,1,0.0,4,H,750
-0.001925,-0.00092329,1,0.0,4,H,750
-0.001371,0.0044541,1,0.0,4,H,750
-0.00091052,0.0099511,1,0.0,4,H,750
-0.00026662,0.015306,1,0.0,4,H,750
0.00023877,0.020867,1,0.0,4,H,750
0.00055323,0.026319,1,0.0,4,H,750
0.0012683,0.031853,1,0.0,4,H,750
0.0018785,0.037511,1,0.0,4,H,750
0.0024213,0.043124,1,0.0,4,H,750
0.0030839,0.049103,1,0.0,4,H,750
0.0036529,0.055093,1,0.0,4,H,750
0.0043193,0.061248,1,0.0,4,H,750
0.0049557,0.067529,1,0.0,4,H,750
0.0055023,0.073942,1,0.0,4,H,750
0.0062997,0.08041,1,0.0,4,H,750
0.0068163,0.086969,1,0.0,4,H,750
0.0073703,0.093964,1,0.0,4,H,750
0.008295,0.10066,1,0.0,4,H,750
0.0088753,0.10737,1,0.0,4,H,750
0.0095978,0.1144,1,0.0,4,H,750
0.010373,0.12133,1,0.0,4,H,750
0.011013,0.12826,1,0.0,4,H,750
0.011814,0.13534,1,0.0,4,H,750
0.012533,0.14237,1,0.0,4,H,750
0.013132,0.14902,1,0.0,4,H,750
0.013851,0.15592,1,0.0,4,H,750
0.014786,0.16257,1,0.0,4,H,750
0.0154,0.16886,1,0.0,4,H,750
0.016033,0.17531,1,0.0,4,H,750
0.016707,0.18134,1,0.0,4,H,750
0.017107,0.18742,1,0.0,4,H,750
0.017778,0.19316,1,0.0,4,H,750
0.01832,0.19848,1,0.0,4,H,750
0.018743,0.20375,1,0.0,4,H,750
0.019402,0.20866,1,0.0,4,H,750
0.020084,0.21342,1,0.0,4,H,750
0.020567,0.2178,1,0.0,4,H,750
0.020967,0.22188,1,0.0,4,H,750
0.021487,0.22553,1,0.0,4,H,750
0.021884,0.2288,1,0.0,4,H,750
0.022188,0.23198,1,0.0,4,H,750
0.022539,0.23464,1,0.0,4,H,750
0.022914,0.23723,1,0.0,4,H,750
0.023064,0.23974,1,0.0,4,H,750
0.023277,0.24182,1,0.0,4,H,750
0.02367,0.24387,1,0.0,4,H,750
0.023808,0.24568,1,0.0,4,H,750
0.023984,0.24743,1,0.0,4,H,750
0.024164,0.24926,1,0.0,4,H,750
0.024374,0.25064,1,0.0,4,H,750
0.024602,0.25204,1,0.0,4,H,750
0.024748,0.25341,1,0.0,4,H,750
0.024977,0.25428,1,0.0,4,H,750
0.024958,0.25538,1,0.0,4,H,750
0.025212,0.25639,1,0.0,4,H,750
0.025527,0.25721,1,0.0,4,H,750
0.025527,0.25809,1,0.0,4,H,750
0.025684,0.25882,1,0.0,4,H,750
0.025905,0.25989,1,0.0,4,H,750
0.026133,0.26077,1,0.0,4,H,750
0.026305,0.26171,1,0.0,4,H,750
0.026511,0.26282,1,0.0,4,H,750
0.026706,0.26372,1,0.0,4,H,750
0.026968,0.26486,1,0.0,4,H,750
0.02708,0.2656,1,0.0,4,H,750
0.026998,0.26628,1,0.0,4,H,750
0.027125,0.26703,1,0.0,4,H,750
0.027309,0.26748,1,0.0,4,H,750
0.027477,0.26807,1,0.0,4,H,750
0.02759,0.26839,1,0.0,4,H,750
0.027679,0.26871,1,0.0,4,H,750
0.027679,0.2689,1,0.0,4,H,750
0.027676,0.26865,1,0.0,4,H,750
0.027724,0.26849,1,0.0,4,H,750
0.027698,0.268,1,0.0,4,H,750
0.027867,0.26727,1,0.0,4,H,750
0.027668,0.26641,1,0.0,4,H,750
0.027268,0.26502,1,0.0,4,H,750
0.027361,0.2635,1,0.0,4,H,750
0.027294,0.26174,1,0.0,4,H,750
0.027065,0.25948,1,0.0,4,H,750
0.026807,0.25712,1,0.0,4,H,750
0.026496,0.2547,1,0.0,4,H,750
0.026227,0.25193,1,0.0,4,H,750
0.02586,0.24897,1,0.0,4,H,750
0.025598,0.24578,1,0.0,4,H,750
0.025231,0.24241,1,0.0,4,H,750
0.024748,0.2389,1,0.0,4,H,750
0.024396,0.23513,1,0.0,4,H,750
0.024033,0.23121,1,0.0,4,H,750
0.023442,0.22693,1,0.0,4,H,750
0.022985,0.2224,1,0.0,4,H,750
0.022715,0.2177,1,0.0,4,H,750
0.022056,0.2127,1,0.0,4,H,750
0.021435,0.20765,1,0.0,4,H,750
0.020986,0.20249,1,0.0,4,H,750
0.020383,0.19708,1,0.0,4,H,750
0.019638,0.19138,1,0.0,4,H,750
0.018938,0.1856,1,0.0,4,H,750
0.018421,0.17982,1,0.0,4,H,750
0.01777,0.17372,1,0.0,4,H,750
0.017096,0.16728,1,0.0,4,H,750
0.016508,0.16071,1,0.0,4,H,750
0.015745,0.15403,1,0.0,4,H,750
0.015026,0.14739,1,0.0,4,H,750
0.014326,0.14078,1,0.0,4,H,750
0.01354,0.13388,1,0.0,4,H,750
0.012843,0.12692,1,0.0,4,H,750
0.012222,0.11998,1,0.0,4,H,750
0.011462,0.11314,1,0.0,4,H,750
0.010616,0.1064,1,0.0,4,H,750
0.010099,0.099588,1,0.0,4,H,750
0.0093732,0.092765,1,0.0,4,H,750
0.0085907,0.08615,1,0.0,4,H,750
0.0080554,0.079813,1,0.0,4,H,750
0.0073628,0.073374,1,0.0,4,H,750
0.0068912,0.067212,1,0.0,4,H,750
0.0061387,0.061304,1,0.0,4,H,750
0.005536,0.055407,1,0.0,4,H,750
0.0051541,0.049727,1,0.0,4,H,750
0.0042369,0.043949,1,0.0,4,H,750
0.0038064,0.03831,1,0.0,4,H,750
0.0033909,0.032862,1,0.0,4,H,750
0.0026534,0.027399,1,0.0,4,H,750
0.0021929,0.022033,1,0.0,4,H,750
0.0016014,0.016771,1,0.0,4,H,750
0.0011522,0.011394,1,0.0,4,H,750
0.00077036,0.0060498,1,0.0,4,H,750
0.00014143,0.00076579,1,0.0,4,H,750
-0.00036395,-0.0047536,1,0.0,4,H,750
-0.00082816,-0.010135,1,0.0,4,H,750
-0.0013523,-0.015546,1,0.0,4,H,750
-0.0019512,-0.021076,1,0.0,4,H,750
-0.0024679,-0.026491,1,0.0,4,H,750
-0.0030331,-0.032123,1,0.0,4,H,750
-0.0035797,-0.037777,1,0.0,4,H,750
-0.0039391,-0.043356,1,0.0,4,H,750
-0.0046616,-0.049339,1,0.0,4,H,750
-0.0053916,-0.055359,1,0.0,4,H,750
-0.0059307,-0.06148,1,0.0,4,H,750
-0.0065446,-0.06796,1,0.0,4,H,750
-0.0071586,-0.074499,1,0.0,4,H,750
-0.0078886,-0.081031,1,0.0,4,H,750
-0.0085774,-0.087571,1,0.0,4,H,750
-0.00924,-0.094499,1,0.0,4,H,750
-0.010041,-0.10127,1,0.0,4,H,750
-0.010651,-0.10811,1,0.0,4,H,750
-0.011288,-0.11519,1,0.0,4,H,750
-0.012096,-0.12204,1,0.0,4,H,750
-0.012692,-0.12923,1,0.0,4,H,750
-0.01344,-0.13621,1,0.0,4,H,750
-0.014268,-0.1431,1,0.0,4,H,750
-0.014979,-0.15022,1,0.0,4,H,750
-0.015709,-0.15698,1,0.0,4,H,750
-0.016476,-0.16361,1,0.0,4,H,750
-0.017203,-0.17027,1,0.0,4,H,750
-0.017731,-0.17666,1,0.0,4,H,750
-0.018457,-0.18281,1,0.0,4,H,750
-0.019071,-0.18879,1,0.0,4,H,750
-0.019614,-0.19448,1,0.0,4,H,750
-0.020261,-0.20002,1,0.0,4,H,750
-0.020767,-0.20517,1,0.0,4,H,750
-0.021485,-0.21001,1,0.0,4,H,750
-0.022096,-0.21482,1,0.0,4,H,750
-0.022549,-0.21915,1,0.0,4,H,750
-0.022938,-0.22307,1,0.0,4,H,750
-0.023174,-0.2268,1,0.0,4,H,750
-0.023732,-0.23009,1,0.0,4,H,750
-0.024009,-0.23325,1,0.0,4,H,750
-0.024177,-0.23626,1,0.0,4,H,750
-0.024686,-0.23866,1,0.0,4,H,750
-0.024757,-0.24091,1,0.0,4,H,750
-0.025008,-0.24312,1,0.0,4,H,750
-0.025424,-0.24504,1,0.0,4,H,750
-0.025674,-0.24705,1,0.0,4,H,750
-0.025955,-0.24883,1,0.0,4,H,750
-0.02606,-0.25023,1,0.0,4,H,750
-0.026326,-0.25178,1,0.0,4,H,750
-0.026562,-0.25328,1,0.0,4,H,750
-0.026696,-0.25455,1,0.0,4,H,750
-0.026809,-0.25567,1,0.0,4,H,750
-0.026839,-0.25667,1,0.0,4,H,750
-0.027101,-0.25762,1,0.0,4,H,750
-0.027292,-0.25839,1,0.0,4,H,750
-0.027333,-0.2592,1,0.0,4,H,750
-0.02761,-0.26011,1,0.0,4,H,750
-0.027816,-0.26107,1,0.0,4,H,750
-0.027969,-0.26198,1,0.0,4,H,750
-0.0281,-0.2629,1,0.0,4,H,750
-0.02819,-0.26388,1,0.0,4,H,750
-0.028374,-0.26467,1,0.0,4,H,750
-0.028389,-0.26566,1,0.0,4,H,750
-0.028523,-0.26652,1,0.0,4,H,750
-0.028782,-0.2671,1,0.0,4,H,750
-0.028969,-0.26765,1,0.0,4,H,750
-0.029036,-0.26815,1,0.0,4,H,750
-0.029003,-0.26857,1,0.0,4,H,750
-0.029066,-0.26872,1,0.0,4,H,750
-0.029152,-0.26899,1,0.0,4,H,750
-0.029362,-0.26902,1,0.0,4,H,750
-0.029504,-0.26882,1,0.0,4,H,750
-0.029482,-0.26863,1,0.0,4,H,750
-0.029418,-0.26807,1,0.0,4,H,750
-0.029358,-0.26742,1,0.0,4,H,750
-0.029456,-0.26647,1,0.0,4,H,750
-0.029392,-0.2651,1,0.0,4,H,750
-0.029092,-0.26357,1,0.0,4,H,750
-0.028898,-0.26159,1,0.0,4,H,750
-0.028744,-0.25928,1,0.0,4,H,750
-0.028475,-0.25692,1,0.0,4,H,750
-0.028153,-0.25441,1,0.0,4,H,750
-0.027831,-0.25153,1,0.0,4,H,750
-0.027475,-0.24849,1,0.0,4,H,750
-0.027273,-0.24548,1,0.0,4,H,750
-0.026962,-0.24196,1,0.0,4,H,750
-0.026498,-0.23838,1,0.0,4,H,750
-0.026112,-0.23475,1,0.0,4,H,750
-0.025603,-0.23059,1,0.0,4,H,750
-0.025109,-0.22643,1,0.0,4,H,750
-0.024682,-0.22191,1,0.0,4,H,750
-0.024229,-0.21716,1,0.0,4,H,750
-0.023713,-0.21247,1,0.0,4,H,750
-0.023103,-0.20722,1,0.0,4,H,750
-0.022331,-0.20191,1,0.0,4,H,750
-0.02177,-0.19661,1,0.0,4,H,750
-0.021369,-0.19086,1,0.0,4,H,750
-0.02068,-0.18508,1,0.0,4,H,750
-0.020059,-0.17908,1,0.0,4,H,750
-0.019456,-0.17304,1,0.0,4,H,750
-0.018797,-0.16693,1,0.0,4,H,750
-0.018116,-0.16021,1,0.0,4,H,750
-0.017454,-0.15364,1,0.0,4,H,750
-0.016705,-0.14716,1,0.0,4,H,750
-0.015956,-0.14033,1,0.0,4,H,750
-0.01532,-0.13353,1,0.0,4,H,750
-0.014515,-0.12664,1,0.0,4,H,750
-0.01392,-0.11975,1,0.0,4,H,750
-0.013238,-0.11305,1,0.0,4,H,750
-0.012497,-0.1062,1,0.0,4,H,750
-0.011801,-0.09935,1,0.0,4,H,750
-0.010925,-0.092788,1,0.0,4,H,750
-0.010431,-0.086177,1,0.0,4,H,750
-0.0097604,-0.079716,1,0.0,4,H,750
-0.0090267,-0.073602,1,0.0,4,H,750
-0.0085774,-0.067549,1,0.0,4,H,750
-0.0077688,-0.061454,1,0.0,4,H,750
-0.0071623,-0.055542,1,0.0,4,H,750
-0.0067393,-0.049866,1,0.0,4,H,750
-0.0061029,-0.04423,1,0.0,4,H,750
-0.0055975,-0.038812,1,0.0,4,H,750
-0.0050809,-0.03324,1,0.0,4,H,750
-0.004407,-0.027762,1,0.0,4,H,750
-0.0039279,-0.022433,1,0.0,4,H,750
-0.0035498,-0.016973,1,0.0,4,H,750
-0.002947,-0.011753,1,0.0,4,H,750
-0.0024342,-0.0064651,1,0.0,4,H,750
-0.00194,-0.0011027,1,0.0,4,H,750
-0.0013672,0.004357,1,0.0,4,H,750
-0.00087683,0.0097082,1,0.0,4,H,750
-0.00032652,0.014992,1,0.0,4,H,750
0.00011148,0.020407,1,0.0,4,H,750
0.00070297,0.025829,1,0.0,4,H,750
0.0013019,0.031528,1,0.0,4,H,750
0.0017325,0.037047,1,0.0,4,H,750
0.0023764,0.042694,1,0.0,4,H,750
0.002908,0.048576,1,0.0,4,H,750
0.0034658,0.054364,1,0.0,4,H,750
0.0040086,0.060564,1,0.0,4,H,750
0.004645,0.066827,1,0.0,4,H,750
0.0054461,0.073213,1,0.0,4,H,750
0.0059927,0.079809,1,0.0,4,H,750
0.0067564,0.086348,1,0.0,4,H,750
0.007404,0.093052,1,0.0,4,H,750
0.0079468,0.099726,1,0.0,4,H,750
0.0088154,0.10656,1,0.0,4,H,750
0.0095566,0.11351,1,0.0,4,H,750
0.010163,0.1203,1,0.0,4,H,750
0.010829,0.1275,1,0.0,4,H,750
0.011556,0.13459,1,0.0,4,H,750
0.012312,0.14128,1,0.0,4,H,750
0.013173,0.14827,1,0.0,4,H,750
0.013944,0.15491,1,0.0,4,H,750
0.014562,0.16151,1,0.0,4,H,750
0.015168,0.16812,1,0.0,4,H,750
0.015876,0.17423,1,0.0,4,H,750
0.016561,0.18046,1,0.0,4,H,750
0.017029,0.18641,1,0.0,4,H,750
0.017632,0.19214,1,0.0,4,H,750
0.018313,0.19761,1,0.0,4,H,750
0.018863,0.20267,1,0.0,4,H,750
0.019477,0.20785,1,0.0,4,H,750
0.020009,0.21252,1,0.0,4,H,750
0.020488,0.21667,1,0.0,4,H,750
0.021184,0.22078,1,0.0,4,H,750
0.021454,0.22456,1,0.0,4,H,750
0.02148,0.22791,1,0.0,4,H,750
0.021978,0.231,1,0.0,4,H,750
0.022423,0.23371,1,0.0,4,H,750
0.02276,0.23626,1,0.0,4,H,750
0.022947,0.23882,1,0.0,4,H,750
0.023127,0.241,1,0.0,4,H,750
0.023502,0.24301,1,0.0,4,H,750
0.023651,0.24495,1,0.0,4,H,750
0.023797,0.24664,1,0.0,4,H,750
0.024089,0.24834,1,0.0,4,H,750
0.024509,0.24993,1,0.0,4,H,750
0.024651,0.25122,1,0.0,4,H,750
0.024632,0.25251,1,0.0,4,H,750
0.024958,0.25353,1,0.0,4,H,750
0.025078,0.25451,1,0.0,4,H,750
0.02516,0.25555,1,0.0,4,H,750
0.025407,0.2561,1,0.0,4,H,750
0.025448,0.25696,1,0.0,4,H,750
0.025527,0.25806,1,0.0,4,H,750
0.025763,0.25883,1,0.0,4,H,750
0.025957,0.25971,1,0.0,4,H,750
0.026092,0.26058,1,0.0,4,H,750
0.026219,0.26152,1,0.0,4,H,750
0.026459,0.2626,1,0.0,4,H,750
0.026721,0.26361,1,0.0,4,H,750
0.026796,0.26436,1,0.0,4,H,750
0.026976,0.26507,1,0.0,4,H,750
0.027167,0.2658,1,0.0,4,H,750
0.027006,0.26622,1,0.0,4,H,750
0.027219,0.26682,1,0.0,4,H,750
0.027473,0.26724,1,0.0,4,H,750
0.027298,0.26733,1,0.0,4,H,750
0.02753,0.26751,1,0.0,4,H,750
0.027515,0.2675,1,0.0,4,H,750
0.027526,0.2673,1,0.0,4,H,750
0.027848,0.26676,1,0.0,4,H,750
0.027575,0.2661,1,0.0,4,H,750
0.027545,0.26514,1,0.0,4,H,750
0.027507,0.26378,1,0.0,4,H,750
0.027264,0.26233,1,0.0,4,H,750
0.027133,0.26045,1,0.0,4,H,750
0.026882,0.25841,1,0.0,4,H,750
0.026743,0.25613,1,0.0,4,H,750
0.026365,0.25347,1,0.0,4,H,750
0.026118,0.25074,1,0.0,4,H,750
0.025901,0.24788,1,0.0,4,H,750
0.025343,0.24488,1,0.0,4,H,750
0.024999,0.24141,1,0.0,4,H,750
0.024771,0.23776,1,0.0,4,H,750
0.024295,0.23405,1,0.0,4,H,750
0.023801,0.23007,1,0.0,4,H,750
0.023382,0.22582,1,0.0,4,H,750
0.022959,0.22134,1,0.0,4,H,750
0.022524,0.21678,1,0.0,4,H,750
0.021828,0.21196,1,0.0,4,H,750
0.021282,0.2069,1,0.0,4,H,750
0.020922,0.2015,1,0.0,4,H,750
0.020338,0.19601,1,0.0,4,H,750
0.019541,0.1906,1,0.0,4,H,750
0.018994,0.18465,1,0.0,4,H,750
0.018541,0.17866,1,0.0,4,H,750
0.017684,0.17279,1,0.0,4,H,750
0.017126,0.16651,1,0.0,4,H,750
0.016419,0.16014,1,0.0,4,H,750
0.015591,0.15362,1,0.0,4,H,750
0.015,0.14686,1,0.0,4,H,750
0.014206,0.14011,1,0.0,4,H,750
0.013603,0.13325,1,0.0,4,H,750
0.01293,0.12648,1,0.0,4,H,750
0.012158,0.11958,1,0.0,4,H,750
0.011485,0.11263,1,0.0,4,H,750
0.010781,0.10586,1,0.0,4,H,750
0.010122,0.09896,1,0.0,4,H,750
0.009347,0.092339,1,0.0,4,H,750
0.0085421,0.08587,1,0.0,4,H,750
0.0079319,0.079301,1,0.0,4,H,750
0.0074564,0.073146,1,0.0,4,H,750
0.0067901,0.066946,1,0.0,4,H,750
0.0061686,0.0609,1,0.0,4,H,750
0.0056782,0.055127,1,0.0,4,H,750
0.0049482,0.04923,1,0.0,4,H,750
0.004353,0.043628,1,0.0,4,H,750
0.0038102,0.037967,1,0.0,4,H,750
0.0032299,0.032496,1,0.0,4,H,750
0.0026908,0.027238,1,0.0,4,H,750
0.0020357,0.021793,1,0.0,4,H,750
0.001695,0.016461,1,0.0,4,H,750
0.0013019,0.011151,1,0.0,4,H,750
0.00060938,0.0058779,1,0.0,4,H,750
0.00017138,0.00045937,1,0.0,4,H,750
-0.00032277,-0.0048283,1,0.0,4,H,750
-0.00085811,-0.010131,1,0.0,4,H,750
-0.0013672,-0.015692,1,0.0,4,H,750
-0.0020598,-0.021065,1,0.0,4,H,750
-0.0024641,-0.026435,1,0.0,4,H,750
-0.0030107,-0.031951,1,0.0,4,H,750
-0.0036733,-0.037694,1,0.0,4,H,750
-0.004145,-0.043345,1,0.0,4,H,750
-0.0047627,-0.049118,1,0.0,4,H,750
-0.005167,-0.055228,1,0.0,4,H,750
-0.0058072,-0.061457,1,0.0,4,H,750
-0.0065896,-0.067747,1,0.0,4,H,750
-0.0071623,-0.07398,1,0.0,4,H,750
-0.0078849,-0.08056,1,0.0,4,H,750
-0.0084763,-0.087235,1,0.0,4,H,750
-0.0091801,-0.093995,1,0.0,4,H,750
-0.010011,-0.10096,1,0.0,4,H,750
-0.01064,-0.10791,1,0.0,4,H,750
-0.011318,-0.11488,1,0.0,4,H,750
-0.012153,-0.12185,1,0.0,4,H,750
-0.012804,-0.12892,1,0.0,4,H,750
-0.013485,-0.13594,1,0.0,4,H,750
-0.014485,-0.14296,1,0.0,4,H,750
-0.015043,-0.14985,1,0.0,4,H,750
-0.015533,-0.15655,1,0.0,4,H,750
-0.016368,-0.16327,1,0.0,4,H,750
-0.017023,-0.16981,1,0.0,4,H,750
-0.017719,-0.17625,1,0.0,4,H,750
-0.018288,-0.18236,1,0.0,4,H,750
-0.018865,-0.18821,1,0.0,4,H,750
-0.019557,-0.19398,1,0.0,4,H,750
-0.020093,-0.19936,1,0.0,4,H,750
-0.02068,-0.20451,1,0.0,4,H,750
-0.021328,-0.20953,1,0.0,4,H,750
-0.021837,-0.21412,1,0.0,4,H,750
-0.022245,-0.21832,1,0.0,4,H,750
-0.022807,-0.22242,1,0.0,4,H,750
-0.023279,-0.22613,1,0.0,4,H,750
-0.02366,-0.22946,1,0.0,4,H,750
-0.024001,-0.23253,1,0.0,4,H,750
-0.024316,-0.23542,1,0.0,4,H,750
-0.024675,-0.23822,1,0.0,4,H,750
-0.024735,-0.24053,1,0.0,4,H,750
-0.025001,-0.24267,1,0.0,4,H,750
-0.025416,-0.24472,1,0.0,4,H,750
-0.025525,-0.24661,1,0.0,4,H,750
-0.025791,-0.24827,1,0.0,4,H,750
-0.026026,-0.24985,1,0.0,4,H,750
-0.026139,-0.25147,1,0.0,4,H,750
-0.02627,-0.25272,1,0.0,4,H,750
-0.026401,-0.25389,1,0.0,4,H,750
-0.026869,-0.25509,1,0.0,4,H,750
-0.027007,-0.25637,1,0.0,4,H,750
-0.026988,-0.25728,1,0.0,4,H,750
-0.027247,-0.25798,1,0.0,4,H,750
-0.027273,-0.25897,1,0.0,4,H,750
-0.027434,-0.25977,1,0.0,4,H,750
-0.027689,-0.2606,1,0.0,4,H,750
-0.027947,-0.26153,1,0.0,4,H,750
-0.028033,-0.26257,1,0.0,4,H,750
-0.028052,-0.26336,1,0.0,4,H,750
-0.028325,-0.2642,1,0.0,4,H,750
-0.028478,-0.26533,1,0.0,4,H,750
-0.028617,-0.26609,1,0.0,4,H,750
-0.02883,-0.26684,1,0.0,4,H,750
-0.028988,-0.26737,1,0.0,4,H,750
-0.029006,-0.26796,1,0.0,4,H,750
-0.029096,-0.26849,1,0.0,4,H,750
-0.029149,-0.26856,1,0.0,4,H,750
-0.029227,-0.26887,1,0.0,4,H,750
-0.029403,-0.2689,1,0.0,4,H,750
-0.029321,-0.26875,1,0.0,4,H,750
-0.029369,-0.26841,1,0.0,4,H,750
-0.029347,-0.26762,1,0.0,4,H,750
-0.029253,-0.26705,1,0.0,4,H,750
-0.029336,-0.2661,1,0.0,4,H,750
-0.029201,-0.26481,1,0.0,4,H,750
-0.029036,-0.26342,1,0.0,4,H,750
-0.028984,-0.26136,1,0.0,4,H,750
-0.028744,-0.2592,1,0.0,4,H,750
-0.028426,-0.2569,1,0.0,4,H,750
-0.028269,-0.25425,1,0.0,4,H,750
-0.027962,-0.25143,1,0.0,4,H,750
-0.027625,-0.24835,1,0.0,4,H,750
-0.02734,-0.24529,1,0.0,4,H,750
-0.026786,-0.24196,1,0.0,4,H,750
-0.026389,-0.23829,1,0.0,4,H,750
-0.026094,-0.23457,1,0.0,4,H,750
-0.025547,-0.23052,1,0.0,4,H,750
-0.025221,-0.2263,1,0.0,4,H,750
-0.024825,-0.22179,1,0.0,4,H,750
-0.02405,-0.21714,1,0.0,4,H,750
-0.023544,-0.2124,1,0.0,4,H,750
-0.023163,-0.20709,1,0.0,4,H,750
-0.022582,-0.20186,1,0.0,4,H,750
-0.021953,-0.19646,1,0.0,4,H,750
-0.021369,-0.19075,1,0.0,4,H,750
-0.020748,-0.18506,1,0.0,4,H,750
-0.020022,-0.17911,1,0.0,4,H,750
-0.019419,-0.17303,1,0.0,4,H,750
-0.018831,-0.16674,1,0.0,4,H,750
-0.018266,-0.16032,1,0.0,4,H,750
-0.017491,-0.15383,1,0.0,4,H,750
-0.016574,-0.14719,1,0.0,4,H,750
-0.015964,-0.14044,1,0.0,4,H,750
-0.015189,-0.13362,1,0.0,4,H,750
-0.014451,-0.12685,1,0.0,4,H,750
-0.01389,-0.11984,1,0.0,4,H,750
-0.013096,-0.11289,1,0.0,4,H,750
-0.012437,-0.10621,1,0.0,4,H,750
-0.011722,-0.099529,1,0.0,4,H,750
-0.010988,-0.093087,1,0.0,4,H,750
-0.010416,-0.086629,1,0.0,4,H,750
-0.0096855,-0.080168,1,0.0,4,H,750
-0.0090866,-0.073946,1,0.0,4,H,750
-0.0084576,-0.06778,1,0.0,4,H,750
-0.0077838,-0.061674,1,0.0,4,H,750
-0.0072147,-0.05565,1,0.0,4,H,750
-0.0065821,-0.049795,1,0.0,4,H,750
-0.0061441,-0.044096,1,0.0,4,H,750
-0.0055676,-0.038692,1,0.0,4,H,750
-0.0047515,-0.033233,1,0.0,4,H,750
-0.0042573,-0.02762,1,0.0,4,H,750
-0.003868,-0.022261,1,0.0,4,H,750
-0.0033326,-0.016973,1,0.0,4,H,750
-0.0029096,-0.011712,1,0.0,4,H,750
-0.0023892,-0.0065025,1,0.0,4,H,750
-0.0017079,-0.0013157,1,0.0,4,H,750
-0.0013298,0.0041664,1,0.0,4,H,750
-0.0009255,0.009626,1,0.0,4,H,750
-0.00021047,0.01485,1,0.0,4,H,750
0.00028743,0.020366,1,0.0,4,H,750
0.00063933,0.025926,1,0.0,4,H,750
0.0012046,0.031285,1,0.0,4,H,750
0.0018261,0.036804,1,0.0,4,H,750
0.0023651,0.042589,1,0.0,4,H,750
0.0029491,0.048363,1,0.0,4,H,750
0.0035706,0.054248,1,0.0,4,H,750
0.0041321,0.060399,1,0.0,4,H,750
0.0047536,0.066688,1,0.0,4,H,750
0.0054237,0.072929,1,0.0,4,H,750
0.0060563,0.079383,1,0.0,4,H,750
0.0066291,0.086057,1,0.0,4,H,750
0.0073591,0.09278,1,0.0,4,H,750
0.008134,0.099768,1,0.0,4,H,750
0.0087068,0.10662,1,0.0,4,H,750
0.0094892,0.11354,1,0.0,4,H,750
0.010193,0.12061,1,0.0,4,H,750
0.010829,0.1275,1,0.0,4,H,750
0.011657,0.13449,1,0.0,4,H,750
0.012439,0.1415,1,0.0,4,H,750
0.013102,0.14843,1,0.0,4,H,750
0.013742,0.1552,1,0.0,4,H,750
0.014506,0.16174,1,0.0,4,H,750
0.01509,0.16824,1,0.0,4,H,750
0.015767,0.17452,1,0.0,4,H,750
0.016527,0.18054,1,0.0,4,H,750
0.017021,0.18655,1,0.0,4,H,750
0.017706,0.19229,1,0.0,4,H,750
0.018328,0.19763,1,0.0,4,H,750
0.018717,0.20285,1,0.0,4,H,750
0.019417,0.20781,1,0.0,4,H,750
0.020087,0.21237,1,0.0,4,H,750
0.020552,0.21662,1,0.0,4,H,750
0.021016,0.22072,1,0.0,4,H,750
0.021416,0.22448,1,0.0,4,H,750
0.021802,0.22793,1,0.0,4,H,750
0.02209,0.23125,1,0.0,4,H,750
0.022427,0.23414,1,0.0,4,H,750
0.022824,0.23673,1,0.0,4,H,750
0.02309,0.23921,1,0.0,4,H,750
0.023281,0.24159,1,0.0,4,H,750
0.023479,0.2436,1,0.0,4,H,750
0.023685,0.24529,1,0.0,4,H,750
0.023925,0.24728,1,0.0,4,H,750
0.024276,0.24893,1,0.0,4,H,750
0.0244,0.25032,1,0.0,4,H,750
0.024505,0.25181,1,0.0,4,H,750
0.024748,0.2531,1,0.0,4,H,750
0.024774,0.25441,1,0.0,4,H,750
0.025089,0.25538,1,0.0,4,H,750
0.025328,0.25629,1,0.0,4,H,750
0.02534,0.25716,1,0.0,4,H,750
0.025538,0.25783,1,0.0,4,H,750
0.025665,0.25869,1,0.0,4,H,750
0.025939,0.25952,1,0.0,4,H,750
0.026073,0.26034,1,0.0,4,H,750
0.026122,0.2612,1,0.0,4,H,750
0.026309,0.26228,1,0.0,4,H,750
0.026496,0.26322,1,0.0,4,H,750
0.026657,0.26397,1,0.0,4,H,750
0.026732,0.26494,1,0.0,4,H,750
0.026916,0.26581,1,0.0,4,H,750
0.02711,0.26652,1,0.0,4,H,750
0.027234,0.26714,1,0.0,4,H,750
0.02741,0.26758,1,0.0,4,H,750
0.02756,0.26776,1,0.0,4,H,750
0.027631,0.26824,1,0.0,4,H,750
0.027649,0.26834,1,0.0,4,H,750
0.027739,0.26794,1,0.0,4,H,750
0.027799,0.26777,1,0.0,4,H,750
0.027653,0.26715,1,0.0,4,H,750
0.027518,0.26665,1,0.0,4,H,750
0.027515,0.2657,1,0.0,4,H,750
0.027503,0.26438,1,0.0,4,H,750
0.02735,0.26324,1,0.0,4,H,750
0.027148,0.26131,1,0.0,4,H,750
0.026882,0.25925,1,0.0,4,H,750
0.02665,0.25694,1,0.0,4,H,750
0.026523,0.25443,1,0.0,4,H,750
0.026332,0.25171,1,0.0,4,H,750
0.026043,0.24856,1,0.0,4,H,750
0.025572,0.24551,1,0.0,4,H,750
0.025141,0.24217,1,0.0,4,H,750
0.024741,0.23864,1,0.0,4,H,750
0.024378,0.23486,1,0.0,4,H,750
0.023999,0.23091,1,0.0,4,H,750
0.023606,0.2268,1,0.0,4,H,750
0.02321,0.22225,1,0.0,4,H,750
0.022536,0.21764,1,0.0,4,H,750
0.021836,0.21267,1,0.0,4,H,750
0.021319,0.2075,1,0.0,4,H,750
0.020836,0.20247,1,0.0,4,H,750
0.020248,0.19691,1,0.0,4,H,750
0.019683,0.19114,1,0.0,4,H,750
0.018957,0.18546,1,0.0,4,H,750
0.018403,0.17959,1,0.0,4,H,750
0.01777,0.17354,1,0.0,4,H,750
0.017003,0.16744,1,0.0,4,H,750
0.016718,0.1611,1,0.0,4,H,750
0.015891,0.15455,1,0.0,4,H,750
0.014989,0.14792,1,0.0,4,H,750
0.01439,0.14089,1,0.0,4,H,750
0.013499,0.13422,1,0.0,4,H,750
0.01287,0.12751,1,0.0,4,H,750
0.012259,0.12036,1,0.0,4,H,750
0.011413,0.11368,1,0.0,4,H,750
0.010889,0.10687,1,0.0,4,H,750
0.010264,0.099958,1,0.0,4,H,750
0.0094143,0.09349,1,0.0,4,H,750
0.0089763,0.086916,1,0.0,4,H,750
0.0082763,0.080354,1,0.0,4,H,750
0.0073965,0.074084,1,0.0,4,H,750
0.0067788,0.067731,1,0.0,4,H,750
0.0062772,0.061696,1,0.0,4,H,750
0.0056445,0.055762,1,0.0,4,H,750
0.0048921,0.04988,1,0.0,4,H,750
0.0044316,0.044252,1,0.0,4,H,750
0.0037053,0.038497,1,0.0,4,H,750
0.0031962,0.03309,1,0.0,4,H,750
0.002893,0.027586,1,0.0,4,H,750
0.0020844,0.022208,1,0.0,4,H,750
0.0016089,0.017152,1,0.0,4,H,750
0.0012645,0.011621,1,0.0,4,H,750
0.00077784,0.0063151,1,0.0,4,H,750
0.00036605,0.0011171,1,0.0,4,H,750
-0.00025913,-0.0044808,1,0.0,4,H,750
-0.00090303,-0.010034,1,0.0,4,H,750
-0.0015507,-0.015325,1,0.0,4,H,750
-0.0019625,-0.020725,1,0.0,4,H,750
-0.0023256,-0.026289,1,0.0,4,H,750
-0.002992,-0.031854,1,0.0,4,H,750
-0.0034599,-0.037519,1,0.0,4,H,750
-0.0041076,-0.043139,1,0.0,4,H,750
-0.0048525,-0.048999,1,0.0,4,H,750
-0.0052157,-0.05506,1,0.0,4,H,750
-0.0058034,-0.061106,1,0.0,4,H,750
-0.0066495,-0.067388,1,0.0,4,H,750
-0.0072335,-0.073927,1,0.0,4,H,750
-0.0077052,-0.080493,1,0.0,4,H,750
-0.0085063,-0.087261,1,0.0,4,H,750
-0.0092438,-0.093976,1,0.0,4,H,750
-0.009854,-0.10074,1,0.0,4,H,750
-0.010621,-0.10783,1,0.0,4,H,750
-0.011194,-0.11488,1,0.0,4,H,750
-0.011965,-0.12211,1,0.0,4,H,750
-0.012793,-0.12902,1,0.0,4,H,750
-0.013358,-0.13596,1,0.0,4,H,750
-0.014197,-0.14316,1,0.0,4,H,750
-0.015001,-0.15006,1,0.0,4,H,750
-0.015716,-0.15702,1,0.0,4,H,750
-0.016435,-0.16364,1,0.0,4,H,750
-0.016884,-0.17013,1,0.0,4,H,750
-0.017596,-0.17648,1,0.0,4,H,750
-0.018382,-0.18251,1,0.0,4,H,750
-0.018887,-0.1885,1,0.0,4,H,750
-0.019572,-0.19416,1,0.0,4,H,750
-0.020126,-0.19959,1,0.0,4,H,750
-0.020692,-0.20479,1,0.0,4,H,750
-0.021515,-0.20979,1,0.0,4,H,750
-0.022028,-0.21447,1,0.0,4,H,750
-0.022185,-0.21862,1,0.0,4,H,750
-0.022784,-0.22255,1,0.0,4,H,750
-0.023436,-0.22627,1,0.0,4,H,750
-0.023533,-0.22977,1,0.0,4,H,750
-0.024001,-0.23306,1,0.0,4,H,750
-0.024454,-0.23596,1,0.0,4,H,750
-0.024652,-0.23847,1,0.0,4,H,750
-0.025016,-0.24103,1,0.0,4,H,750
-0.025177,-0.24342,1,0.0,4,H,750
-0.025345,-0.24537,1,0.0,4,H,750
-0.025671,-0.24719,1,0.0,4,H,750
-0.025869,-0.24903,1,0.0,4,H,750
-0.026165,-0.25083,1,0.0,4,H,750
-0.026509,-0.25235,1,0.0,4,H,750
-0.026543,-0.25375,1,0.0,4,H,750
-0.026745,-0.25511,1,0.0,4,H,750
-0.026977,-0.25632,1,0.0,4,H,750
-0.027003,-0.25732,1,0.0,4,H,750
-0.027146,-0.25819,1,0.0,4,H,750
-0.027318,-0.25907,1,0.0,4,H,750
-0.027617,-0.25994,1,0.0,4,H,750
-0.02773,-0.26077,1,0.0,4,H,750
-0.027756,-0.2615,1,0.0,4,H,750
-0.028025,-0.26231,1,0.0,4,H,750
-0.028231,-0.26329,1,0.0,4,H,750
-0.028321,-0.26433,1,0.0,4,H,750
-0.028392,-0.26511,1,0.0,4,H,750
-0.028482,-0.26589,1,0.0,4,H,750
-0.028587,-0.26682,1,0.0,4,H,750
-0.02889,-0.26761,1,0.0,4,H,750
-0.029208,-0.26836,1,0.0,4,H,750
-0.029182,-0.26881,1,0.0,4,H,750
-0.029208,-0.2692,1,0.0,4,H,750
-0.029403,-0.26965,1,0.0,4,H,750
-0.029366,-0.26977,1,0.0,4,H,750
-0.029482,-0.2696,1,0.0,4,H,750
-0.029624,-0.2694,1,0.0,4,H,750
-0.0295,-0.26911,1,0.0,4,H,750
-0.029572,-0.26853,1,0.0,4,H,750
-0.029411,-0.26795,1,0.0,4,H,750
-0.029354,-0.26685,1,0.0,4,H,750
-0.029579,-0.2655,1,0.0,4,H,750
-0.029235,-0.26423,1,0.0,4,H,750
-0.028924,-0.26225,1,0.0,4,H,750
-0.028744,-0.25999,1,0.0,4,H,750
-0.028486,-0.25766,1,0.0,4,H,750
-0.02846,-0.25511,1,0.0,4,H,750
-0.028059,-0.25225,1,0.0,4,H,750
-0.027659,-0.24916,1,0.0,4,H,750
-0.027415,-0.24592,1,0.0,4,H,750
-0.027003,-0.24248,1,0.0,4,H,750
-0.026659,-0.23906,1,0.0,4,H,750
-0.026105,-0.23516,1,0.0,4,H,750
-0.025768,-0.23103,1,0.0,4,H,750
-0.025311,-0.22682,1,0.0,4,H,750
-0.024667,-0.2223,1,0.0,4,H,750
-0.024241,-0.21769,1,0.0,4,H,750
-0.023518,-0.21267,1,0.0,4,H,750
-0.023069,-0.2077,1,0.0,4,H,750
-0.02262,-0.20239,1,0.0,4,H,750
-0.021912,-0.1968,1,0.0,4,H,750
-0.021384,-0.19121,1,0.0,4,H,750
-0.020628,-0.18518,1,0.0,4,H,750
-0.020111,-0.17942,1,0.0,4,H,750
-0.019658,-0.17346,1,0.0,4,H,750
-0.018723,-0.16696,1,0.0,4,H,750
-0.017981,-0.16057,1,0.0,4,H,750
-0.017427,-0.15408,1,0.0,4,H,750
-0.016697,-0.14745,1,0.0,4,H,750
-0.015986,-0.1407,1,0.0,4,H,750
-0.015331,-0.13375,1,0.0,4,H,750
-0.0145,-0.12694,1,0.0,4,H,750
-0.01389,-0.12023,1,0.0,4,H,750
-0.013246,-0.11331,1,0.0,4,H,750
-0.012329,-0.10657,1,0.0,4,H,750
-0.011958,-0.099791,1,0.0,4,H,750
-0.01131,-0.093019,1,0.0,4,H,750
-0.010434,-0.086685,1,0.0,4,H,750
-0.0098428,-0.08028,1,0.0,4,H,750
-0.0090341,-0.074043,1,0.0,4,H,750
-0.0084951,-0.067941,1,0.0,4,H,750
-0.007956,-0.061779,1,0.0,4,H,750
-0.0073121,-0.055987,1,0.0,4,H,750
-0.0066832,-0.050243,1,0.0,4,H,750
-0.0059157,-0.044417,1,0.0,4,H,750
-0.0053991,-0.038767,1,0.0,4,H,750
-0.0050135,-0.033326,1,0.0,4,H,750
-0.0045231,-0.027937,1,0.0,4,H,750
-0.0039728,-0.022381,1,0.0,4,H,750
-0.0033214,-0.017014,1,0.0,4,H,750
-0.0027075,-0.011869,1,0.0,4,H,750
-0.0023293,-0.0063605,1,0.0,4,H,750
-0.0018389,-0.0009345,1,0.0,4,H,750
-0.0014234,0.0043943,1,0.0,4,H,750
-0.0010266,0.0099474,1,0.0,4,H,750
-0.00026662,0.01534,1,0.0,4,H,750
0.00028743,0.02068,1,0.0,4,H,750
0.000834,0.026068,1,0.0,4,H,750
0.0012495,0.031726,1,0.0,4,H,750
0.0016913,0.037346,1,0.0,4,H,750
0.0023427,0.043034,1,0.0,4,H,750
0.0028855,0.049106,1,0.0,4,H,750
0.0036454,0.054914,1,0.0,4,H,750
0.0041995,0.060926,1,0.0,4,H,750
0.0048247,0.067249,1,0.0,4,H,750
0.0054237,0.073527,1,0.0,4,H,750
0.0059702,0.080044,1,0.0,4,H,750
0.00685,0.086815,1,0.0,4,H,750
0.0075201,0.093669,1,0.0,4,H,750
0.0081715,0.10047,1,0.0,4,H,750
0.0088902,0.10742,1,0.0,4,H,750
0.0096427,0.11449,1,0.0,4,H,750
0.01032,0.12161,1,0.0,4,H,750
0.011024,0.12864,1,0.0,4,H,750
0.011825,0.13556,1,0.0,4,H,750
0.012559,0.14268,1,0.0,4,H,750
0.013383,0.14954,1,0.0,4,H,750
0.014053,0.15621,1,0.0,4,H,750
0.014595,0.16284,1,0.0,4,H,750
0.015266,0.16922,1,0.0,4,H,750
0.015962,0.1756,1,0.0,4,H,750
0.01661,0.18166,1,0.0,4,H,750
0.017283,0.18742,1,0.0,4,H,750
0.017849,0.19314,1,0.0,4,H,750
0.018421,0.19858,1,0.0,4,H,750
0.018949,0.2036,1,0.0,4,H,750
0.019503,0.20848,1,0.0,4,H,750
0.020001,0.21329,1,0.0,4,H,750
0.020495,0.21757,1,0.0,4,H,750
0.021106,0.22141,1,0.0,4,H,750
0.021308,0.22511,1,0.0,4,H,750
0.021832,0.22857,1,0.0,4,H,750
0.02221,0.2319,1,0.0,4,H,750
0.022453,0.23489,1,0.0,4,H,750
0.02297,0.23748,1,0.0,4,H,750
0.023045,0.24004,1,0.0,4,H,750
0.023483,0.24242,1,0.0,4,H,750
0.023625,0.24465,1,0.0,4,H,750
0.023771,0.24662,1,0.0,4,H,750
0.024239,0.24838,1,0.0,4,H,750
0.024175,0.25021,1,0.0,4,H,750
0.024456,0.25164,1,0.0,4,H,750
0.024819,0.25292,1,0.0,4,H,750
0.024917,0.2544,1,0.0,4,H,750
0.025141,0.25557,1,0.0,4,H,750
0.025332,0.25661,1,0.0,4,H,750
0.025392,0.25775,1,0.0,4,H,750
0.025632,0.25847,1,0.0,4,H,750
0.02577,0.25911,1,0.0,4,H,750
0.025718,0.25998,1,0.0,4,H,750
0.025942,0.26091,1,0.0,4,H,750
0.026062,0.26188,1,0.0,4,H,750
0.026328,0.26266,1,0.0,4,H,750
0.02662,0.2636,1,0.0,4,H,750
0.02656,0.26456,1,0.0,4,H,750
0.026788,0.26534,1,0.0,4,H,750
0.027084,0.26624,1,0.0,4,H,750
0.02726,0.26709,1,0.0,4,H,750
0.027331,0.26786,1,0.0,4,H,750
0.027369,0.2684,1,0.0,4,H,750
0.02756,0.26891,1,0.0,4,H,750
0.027578,0.2694,1,0.0,4,H,750
0.027664,0.26959,1,0.0,4,H,750
0.027728,0.26961,1,0.0,4,H,750
0.027713,0.26938,1,0.0,4,H,750
0.027833,0.26895,1,0.0,4,H,750
0.027852,0.26856,1,0.0,4,H,750
0.027893,0.26799,1,0.0,4,H,750
0.027702,0.26696,1,0.0,4,H,750
0.02756,0.26567,1,0.0,4,H,750
0.027571,0.26425,1,0.0,4,H,750
0.027305,0.26248,1,0.0,4,H,750
0.027185,0.26043,1,0.0,4,H,750
0.026822,0.25817,1,0.0,4,H,750
0.026541,0.25548,1,0.0,4,H,750
0.026485,0.25274,1,0.0,4,H,750
0.025991,0.24978,1,0.0,4,H,750
0.02568,0.2464,1,0.0,4,H,750
0.025403,0.24291,1,0.0,4,H,750
0.025048,0.23934,1,0.0,4,H,750
0.024531,0.23569,1,0.0,4,H,750
0.024018,0.23149,1,0.0,4,H,750
0.023752,0.22714,1,0.0,4,H,750
0.023135,0.2228,1,0.0,4,H,750
0.022551,0.21808,1,0.0,4,H,750
0.022012,0.21304,1,0.0,4,H,750
0.021431,0.20795,1,0.0,4,H,750
0.020933,0.20261,1,0.0,4,H,750
0.020346,0.19691,1,0.0,4,H,750
0.019668,0.19133,1,0.0,4,H,750
0.019043,0.18528,1,0.0,4,H,750
0.018515,0.17929,1,0.0,4,H,750
0.017789,0.1735,1,0.0,4,H,750
0.017089,0.16702,1,0.0,4,H,750
0.016445,0.16066,1,0.0,4,H,750
0.015853,0.15412,1,0.0,4,H,750
0.015157,0.14739,1,0.0,4,H,750
0.014315,0.14071,1,0.0,4,H,750
0.01366,0.13377,1,0.0,4,H,750
0.012948,0.12685,1,0.0,4,H,750
0.012323,0.11982,1,0.0,4,H,750
0.011646,0.11307,1,0.0,4,H,750
0.010676,0.1064,1,0.0,4,H,750
0.010021,0.099502,1,0.0,4,H,750
0.0094593,0.092922,1,0.0,4,H,750
0.0087255,0.086561,1,0.0,4,H,750
0.0081565,0.080082,1,0.0,4,H,750
0.0075725,0.073568,1,0.0,4,H,750
0.0068462,0.067335,1,0.0,4,H,750
0.0062248,0.061401,1,0.0,4,H,750
0.0056483,0.055403,1,0.0,4,H,750
0.0050381,0.049547,1,0.0,4,H,750
0.0044353,0.043987,1,0.0,4,H,750
0.0037952,0.038314,1,0.0,4,H,750
0.0032486,0.032746,1,0.0,4,H,750
0.002762,0.027298,1,0.0,4,H,750
0.0022753,0.021786,1,0.0,4,H,750
0.0017025,0.016502,1,0.0,4,H,750
0.0011223,0.011289,1,0.0,4,H,750
0.00063559,0.0058779,1,0.0,4,H,750
0.00011897,0.000493,1,0.0,4,H,750
-0.00037519,-0.0048695,1,0.0,4,H,750
-0.0008918,-0.010467,1,0.0,4,H,750
-0.0013972,-0.015834,1,0.0,4,H,750
-0.0018839,-0.02136,1,0.0,4,H,750
-0.0024529,-0.027041,1,0.0,4,H,750
-0.0031043,-0.03253,1,0.0,4,H,750
-0.0037295,-0.038274,1,0.0,4,H,750
-0.0041787,-0.043916,1,0.0,4,H,750
-0.0046541,-0.049787,1,0.0,4,H,750
-0.0053617,-0.055725,1,0.0,4,H,750
-0.0059082,-0.061809,1,0.0,4,H,750
-0.0064361,-0.068221,1,0.0,4,H,750
-0.0072597,-0.074514,1,0.0,4,H,750
-0.0079335,-0.081207,1,0.0,4,H,750
-0.0086486,-0.087941,1,0.0,4,H,750
-0.0093074,-0.094663,1,0.0,4,H,750
-0.009824,-0.10166,1,0.0,4,H,750
-0.010666,-0.1086,1,0.0,4,H,750
-0.011505,-0.11571,1,0.0,4,H,750
-0.012261,-0.12292,1,0.0,4,H,750
-0.012972,-0.13008,1,0.0,4,H,750
-0.01362,-0.13735,1,0.0,4,H,750
-0.014324,-0.14457,1,0.0,4,H,750
-0.015117,-0.15152,1,0.0,4,H,750
-0.016016,-0.15842,1,0.0,4,H,750
-0.016604,-0.16508,1,0.0,4,H,750
-0.017117,-0.17137,1,0.0,4,H,750
-0.017899,-0.1779,1,0.0,4,H,750
-0.018629,-0.18407,1,0.0,4,H,750
-0.019176,-0.18979,1,0.0,4,H,750
-0.01961,-0.19556,1,0.0,4,H,750
-0.02031,-0.20071,1,0.0,4,H,750
-0.02086,-0.20581,1,0.0,4,H,750
-0.021283,-0.21091,1,0.0,4,H,750
-0.022024,-0.21542,1,0.0,4,H,750
-0.022451,-0.21963,1,0.0,4,H,750
-0.022949,-0.22346,1,0.0,4,H,750
-0.023473,-0.22695,1,0.0,4,H,750
-0.023642,-0.23044,1,0.0,4,H,750
-0.024042,-0.23367,1,0.0,4,H,750
-0.02445,-0.23652,1,0.0,4,H,750
-0.024641,-0.23932,1,0.0,4,H,750
-0.024993,-0.24186,1,0.0,4,H,750
-0.025375,-0.24408,1,0.0,4,H,750
-0.025573,-0.24628,1,0.0,4,H,750
-0.025757,-0.24831,1,0.0,4,H,750
-0.025989,-0.25015,1,0.0,4,H,750
-0.026307,-0.25171,1,0.0,4,H,750
-0.026498,-0.25307,1,0.0,4,H,750
-0.026584,-0.2546,1,0.0,4,H,750
-0.026899,-0.25603,1,0.0,4,H,750
-0.027045,-0.25718,1,0.0,4,H,750
-0.027045,-0.25822,1,0.0,4,H,750
-0.027382,-0.25913,1,0.0,4,H,750
-0.027505,-0.26006,1,0.0,4,H,750
-0.027546,-0.26084,1,0.0,4,H,750
-0.027786,-0.26174,1,0.0,4,H,750
-0.027775,-0.26267,1,0.0,4,H,750
-0.028063,-0.26345,1,0.0,4,H,750
-0.028314,-0.26435,1,0.0,4,H,750
-0.028329,-0.26501,1,0.0,4,H,750
-0.02849,-0.26577,1,0.0,4,H,750
-0.028579,-0.26672,1,0.0,4,H,750
-0.028763,-0.26747,1,0.0,4,H,750
-0.029051,-0.26833,1,0.0,4,H,750
-0.029268,-0.26911,1,0.0,4,H,750
-0.029167,-0.26951,1,0.0,4,H,750
-0.02928,-0.26995,1,0.0,4,H,750
-0.029373,-0.27022,1,0.0,4,H,750
-0.029407,-0.27041,1,0.0,4,H,750
-0.029631,-0.27038,1,0.0,4,H,750
-0.029399,-0.26998,1,0.0,4,H,750
-0.029384,-0.26983,1,0.0,4,H,750
-0.029515,-0.26917,1,0.0,4,H,750
-0.029545,-0.26837,1,0.0,4,H,750
-0.029347,-0.26756,1,0.0,4,H,750
-0.029156,-0.26633,1,0.0,4,H,750
-0.029407,-0.26488,1,0.0,4,H,750
-0.029164,-0.26291,1,0.0,4,H,750
-0.028857,-0.26095,1,0.0,4,H,750
-0.028632,-0.25855,1,0.0,4,H,750
-0.028344,-0.25586,1,0.0,4,H,750
-0.028078,-0.25314,1,0.0,4,H,750
-0.027617,-0.24997,1,0.0,4,H,750
-0.027378,-0.2468,1,0.0,4,H,750
-0.026996,-0.24318,1,0.0,4,H,750
-0.026607,-0.23946,1,0.0,4,H,750
-0.026285,-0.23575,1,0.0,4,H,750
-0.025749,-0.23158,1,0.0,4,H,750
-0.025394,-0.22742,1,0.0,4,H,750
-0.024828,-0.22283,1,0.0,4,H,750
-0.024072,-0.21788,1,0.0,4,H,750
-0.023634,-0.21315,1,0.0,4,H,750
-0.023148,-0.20796,1,0.0,4,H,750
-0.022556,-0.20238,1,0.0,4,H,750
-0.021938,-0.19694,1,0.0,4,H,750
-0.021336,-0.19107,1,0.0,4,H,750
-0.020789,-0.18498,1,0.0,4,H,750
-0.019973,-0.17897,1,0.0,4,H,750
-0.019333,-0.17287,1,0.0,4,H,750
-0.018925,-0.16678,1,0.0,4,H,750
-0.018225,-0.16034,1,0.0,4,H,750
-0.017401,-0.15371,1,0.0,4,H,750
-0.01666,-0.14713,1,0.0,4,H,750
-0.015967,-0.1404,1,0.0,4,H,750
-0.015196,-0.13353,1,0.0,4,H,750
-0.014485,-0.12658,1,0.0,4,H,750
-0.01392,-0.11971,1,0.0,4,H,750
-0.013205,-0.11288,1,0.0,4,H,750
-0.012422,-0.10614,1,0.0,4,H,750
-0.011745,-0.099495,1,0.0,4,H,750
-0.011022,-0.092855,1,0.0,4,H,750
-0.010386,-0.086397,1,0.0,4,H,750
-0.0098091,-0.080213,1,0.0,4,H,750
-0.0091801,-0.074099,1,0.0,4,H,750
-0.0085887,-0.06784,1,0.0,4,H,750
-0.0079373,-0.061674,1,0.0,4,H,750
-0.0072784,-0.055762,1,0.0,4,H,750
-0.0067318,-0.049955,1,0.0,4,H,750
-0.0061665,-0.044294,1,0.0,4,H,750
-0.005444,-0.038703,1,0.0,4,H,750
-0.0049948,-0.03302,1,0.0,4,H,750
-0.0046055,-0.027534,1,0.0,4,H,750
-0.0038792,-0.022254,1,0.0,4,H,750
-0.003385,-0.016775,1,0.0,4,H,750
-0.0028909,-0.011476,1,0.0,4,H,750
-0.0022582,-0.0061512,1,0.0,4,H,750
-0.0018577,-0.00079623,1,0.0,4,H,750
-0.0014346,0.0045214,1,0.0,4,H,750
-0.00072708,0.009966,1,0.0,4,H,750
-0.00012436,0.015287,1,0.0,4,H,750
0.00026497,0.020964,1,0.0,4,H,750
0.0008602,0.026521,1,0.0,4,H,750
0.0014816,0.031961,1,0.0,4,H,750
0.0020394,0.037735,1,0.0,4,H,750
0.0023913,0.043449,1,0.0,4,H,750
0.0027882,0.049222,1,0.0,4,H,750
0.0036155,0.055123,1,0.0,4,H,750
0.004192,0.061285,1,0.0,4,H,750
0.0047498,0.067518,1,0.0,4,H,750
0.0055959,0.073673,1,0.0,4,H,750
0.0062809,0.080138,1,0.0,4,H,750
0.0068986,0.086786,1,0.0,4,H,750
0.0074976,0.093441,1,0.0,4,H,750
0.008149,0.10034,1,0.0,4,H,750
0.0089052,0.1073,1,0.0,4,H,750
0.0096277,0.11431,1,0.0,4,H,750
0.010268,0.12153,1,0.0,4,H,750
0.011062,0.1288,1,0.0,4,H,750
0.011964,0.13591,1,0.0,4,H,750
0.012593,0.14288,1,0.0,4,H,750
0.013195,0.14994,1,0.0,4,H,750
0.013955,0.15678,1,0.0,4,H,750
0.014756,0.16341,1,0.0,4,H,750
0.015412,0.16984,1,0.0,4,H,750
0.015932,0.17609,1,0.0,4,H,750
0.016684,0.18224,1,0.0,4,H,750
0.017231,0.18795,1,0.0,4,H,750
0.017763,0.19353,1,0.0,4,H,750
0.018586,0.19897,1,0.0,4,H,750
0.018871,0.20409,1,0.0,4,H,750
0.01947,0.20904,1,0.0,4,H,750
0.020188,0.2135,1,0.0,4,H,750
0.020488,0.21778,1,0.0,4,H,750
0.021195,0.22178,1,0.0,4,H,750
0.021514,0.22523,1,0.0,4,H,750
0.021888,0.22859,1,0.0,4,H,750
0.022221,0.23174,1,0.0,4,H,750
0.022375,0.23475,1,0.0,4,H,750
0.023086,0.2376,1,0.0,4,H,750
0.023202,0.24007,1,0.0,4,H,750
0.023341,0.24239,1,0.0,4,H,750
0.023771,0.24469,1,0.0,4,H,750
0.02388,0.24675,1,0.0,4,H,750
0.024243,0.24863,1,0.0,4,H,750
0.024497,0.25046,1,0.0,4,H,750
0.024561,0.25187,1,0.0,4,H,750
0.024831,0.25331,1,0.0,4,H,750
0.025055,0.2547,1,0.0,4,H,750
0.025201,0.25575,1,0.0,4,H,750
0.025422,0.25709,1,0.0,4,H,750
0.025568,0.25805,1,0.0,4,H,750
0.025755,0.2588,1,0.0,4,H,750
0.025751,0.25973,1,0.0,4,H,750
0.025729,0.26055,1,0.0,4,H,750
0.026058,0.2614,1,0.0,4,H,750
0.026276,0.26218,1,0.0,4,H,750
0.026392,0.26297,1,0.0,4,H,750
0.026504,0.26372,1,0.0,4,H,750
0.026657,0.26456,1,0.0,4,H,750
0.026871,0.26548,1,0.0,4,H,750
0.027009,0.2663,1,0.0,4,H,750
0.027167,0.2669,1,0.0,4,H,750
0.027241,0.2676,1,0.0,4,H,750
0.027399,0.26843,1,0.0,4,H,750
0.027601,0.26883,1,0.0,4,H,750
0.027541,0.26914,1,0.0,4,H,750
0.027522,0.26934,1,0.0,4,H,750
0.027616,0.26937,1,0.0,4,H,750
0.027852,0.26939,1,0.0,4,H,750
0.027893,0.26915,1,0.0,4,H,750
0.027661,0.26863,1,0.0,4,H,750
0.027751,0.26774,1,0.0,4,H,750
0.027784,0.26694,1,0.0,4,H,750
0.02756,0.26588,1,0.0,4,H,750
0.027462,0.26428,1,0.0,4,H,750
0.027324,0.26264,1,0.0,4,H,750
0.027095,0.26076,1,0.0,4,H,750
0.027058,0.25842,1,0.0,4,H,750
0.026773,0.25582,1,0.0,4,H,750
0.026272,0.25312,1,0.0,4,H,750
0.026115,0.2501,1,0.0,4,H,750
0.025808,0.24695,1,0.0,4,H,750
0.025269,0.24359,1,0.0,4,H,750
0.024902,0.23992,1,0.0,4,H,750
0.024479,0.23603,1,0.0,4,H,750
0.024048,0.23189,1,0.0,4,H,750
0.023689,0.22762,1,0.0,4,H,750
0.023153,0.22311,1,0.0,4,H,750
0.022678,0.21847,1,0.0,4,H,750
0.022146,0.21359,1,0.0,4,H,750
0.021536,0.20834,1,0.0,4,H,750
0.021038,0.20293,1,0.0,4,H,750
0.020342,0.19731,1,0.0,4,H,750
0.019784,0.19145,1,0.0,4,H,750
0.019208,0.18545,1,0.0,4,H,750
0.018433,0.17945,1,0.0,4,H,750
0.017852,0.17324,1,0.0,4,H,750
0.017152,0.16698,1,0.0,4,H,750
0.016445,0.1606,1,0.0,4,H,750
0.015756,0.15397,1,0.0,4,H,750
0.015108,0.14732,1,0.0,4,H,750
0.01439,0.14061,1,0.0,4,H,750
0.013577,0.13387,1,0.0,4,H,750
0.012945,0.12692,1,0.0,4,H,750
0.012162,0.11998,1,0.0,4,H,750
0.011458,0.11307,1,0.0,4,H,750
0.010755,0.10615,1,0.0,4,H,750
0.010017,0.099499,1,0.0,4,H,750
0.0093844,0.092959,1,0.0,4,H,750
0.008718,0.086438,1,0.0,4,H,750
0.0081303,0.079917,1,0.0,4,H,750
0.0073816,0.07368,1,0.0,4,H,750
0.0068088,0.067612,1,0.0,4,H,750
0.006236,0.061476,1,0.0,4,H,750
0.0054836,0.055526,1,0.0,4,H,750
0.0049445,0.049678,1,0.0,4,H,750
0.0042706,0.043781,1,0.0,4,H,750
0.0037615,0.038236,1,0.0,4,H,750
0.0033347,0.032873,1,0.0,4,H,750
0.0026347,0.027212,1,0.0,4,H,750
0.0022116,0.021726,1,0.0,4,H,750
0.0017175,0.016379,1,0.0,4,H,750
0.0011485,0.011087,1,0.0,4,H,750
0.00073667,0.0060423,1,0.0,4,H,750
0.00016764,0.000564,1,0.0,4,H,750
-0.0003677,-0.0049704,1,0.0,4,H,750
-0.00081319,-0.010258,1,0.0,4,H,750
-0.0013298,-0.015774,1,0.0,4,H,750
-0.0019138,-0.021181,1,0.0,4,H,750
-0.0024566,-0.026648,1,0.0,4,H,750
-0.0029807,-0.032287,1,0.0,4,H,750
-0.0034262,-0.037934,1,0.0,4,H,750
-0.0039578,-0.043715,1,0.0,4,H,750
-0.0047253,-0.049462,1,0.0,4,H,750
-0.0052905,-0.055269,1,0.0,4,H,750
-0.0057473,-0.06139,1,0.0,4,H,750
-0.0064473,-0.067597,1,0.0,4,H,750
-0.007196,-0.073871,1,0.0,4,H,750
-0.0079111,-0.08043,1,0.0,4,H,750
-0.0085812,-0.087074,1,0.0,4,H,750
-0.009139,-0.093718,1,0.0,4,H,750
-0.0098128,-0.10062,1,0.0,4,H,750
-0.01052,-0.10789,1,0.0,4,H,750
-0.01125,-0.11496,1,0.0,4,H,750
-0.01207,-0.1221,1,0.0,4,H,750
-0.012804,-0.12953,1,0.0,4,H,750
-0.013665,-0.13669,1,0.0,4,H,750
-0.0145,-0.1438,1,0.0,4,H,750
-0.01505,-0.15086,1,0.0,4,H,750
-0.015702,-0.15783,1,0.0,4,H,750
-0.016458,-0.1646,1,0.0,4,H,750
-0.017098,-0.17108,1,0.0,4,H,750
-0.017727,-0.17736,1,0.0,4,H,750
-0.018401,-0.18338,1,0.0,4,H,750
-0.019146,-0.18929,1,0.0,4,H,750
-0.019711,-0.19482,1,0.0,4,H,750
-0.020089,-0.20005,1,0.0,4,H,750
-0.020752,-0.20509,1,0.0,4,H,750
-0.021452,-0.21003,1,0.0,4,H,750
-0.021905,-0.2147,1,0.0,4,H,750
-0.022384,-0.21865,1,0.0,4,H,750
-0.022814,-0.2225,1,0.0,4,H,750
-0.023163,-0.22612,1,0.0,4,H,750
-0.023586,-0.22943,1,0.0,4,H,750
-0.024024,-0.23264,1,0.0,4,H,750
-0.024241,-0.23549,1,0.0,4,H,750
-0.024484,-0.23819,1,0.0,4,H,750
-0.025019,-0.24075,1,0.0,4,H,750
-0.025349,-0.24323,1,0.0,4,H,750
-0.025465,-0.24534,1,0.0,4,H,750
-0.025753,-0.24724,1,0.0,4,H,750
-0.026,-0.2493,1,0.0,4,H,750
-0.02615,-0.25097,1,0.0,4,H,750
-0.026348,-0.25227,1,0.0,4,H,750
-0.026494,-0.25366,1,0.0,4,H,750
-0.0267,-0.25521,1,0.0,4,H,750
-0.026936,-0.25655,1,0.0,4,H,750
-0.027119,-0.25758,1,0.0,4,H,750
-0.027254,-0.25837,1,0.0,4,H,750
-0.027228,-0.25929,1,0.0,4,H,750
-0.027569,-0.26017,1,0.0,4,H,750
-0.027883,-0.26083,1,0.0,4,H,750
-0.02773,-0.26173,1,0.0,4,H,750
-0.027909,-0.26249,1,0.0,4,H,750
-0.028231,-0.26329,1,0.0,4,H,750
-0.028332,-0.264,1,0.0,4,H,750
-0.028426,-0.26454,1,0.0,4,H,750
-0.028598,-0.26547,1,0.0,4,H,750
-0.02883,-0.26621,1,0.0,4,H,750
-0.028797,-0.26675,1,0.0,4,H,750
-0.028894,-0.26748,1,0.0,4,H,750
-0.029201,-0.26802,1,0.0,4,H,750
-0.029193,-0.26845,1,0.0,4,H,750
-0.029242,-0.26884,1,0.0,4,H,750
-0.02928,-0.26883,1,0.0,4,H,750
-0.029366,-0.26885,1,0.0,4,H,750
-0.029482,-0.26875,1,0.0,4,H,750
-0.029343,-0.26827,1,0.0,4,H,750
-0.029414,-0.2678,1,0.0,4,H,750
-0.029414,-0.26716,1,0.0,4,H,750
-0.029235,-0.26617,1,0.0,4,H,750
-0.029336,-0.26494,1,0.0,4,H,750
-0.029201,-0.26353,1,0.0,4,H,750
-0.028939,-0.26172,1,0.0,4,H,750
-0.028838,-0.25971,1,0.0,4,H,750
-0.028452,-0.25751,1,0.0,4,H,750
-0.028141,-0.25494,1,0.0,4,H,750
-0.027943,-0.25224,1,0.0,4,H,750
-0.027599,-0.2492,1,0.0,4,H,750
-0.027265,-0.2459,1,0.0,4,H,750
-0.026921,-0.24232,1,0.0,4,H,750
-0.026453,-0.23857,1,0.0,4,H,750
-0.025963,-0.23485,1,0.0,4,H,750
-0.025738,-0.23068,1,0.0,4,H,750
-0.025236,-0.22642,1,0.0,4,H,750
-0.024548,-0.22204,1,0.0,4,H,750
-0.024039,-0.21708,1,0.0,4,H,750
-0.023612,-0.21217,1,0.0,4,H,750
-0.023065,-0.20725,1,0.0,4,H,750
-0.022346,-0.20189,1,0.0,4,H,750
-0.021804,-0.19612,1,0.0,4,H,750
-0.021175,-0.19018,1,0.0,4,H,750
-0.020647,-0.18435,1,0.0,4,H,750
-0.019891,-0.17818,1,0.0,4,H,750
-0.019127,-0.17197,1,0.0,4,H,750
-0.018745,-0.16585,1,0.0,4,H,750
-0.018004,-0.15944,1,0.0,4,H,750
-0.017349,-0.15306,1,0.0,4,H,750
-0.016559,-0.14637,1,0.0,4,H,750
-0.015791,-0.13973,1,0.0,4,H,750
-0.015372,-0.13301,1,0.0,4,H,750
-0.014563,-0.12599,1,0.0,4,H,750
-0.013665,-0.11941,1,0.0,4,H,750
-0.013059,-0.11265,1,0.0,4,H,750
-0.01243,-0.10573,1,0.0,4,H,750
-0.011681,-0.099073,1,0.0,4,H,750
-0.011142,-0.092619,1,0.0,4,H,750
-0.010475,-0.086248,1,0.0,4,H,750
-0.0096181,-0.079929,1,0.0,4,H,750
-0.0091502,-0.073785,1,0.0,4,H,750
-0.0085961,-0.067552,1,0.0,4,H,750
-0.0078212,-0.061398,1,0.0,4,H,750
-0.0072672,-0.055617,1,0.0,4,H,750
-0.0066195,-0.049847,1,0.0,4,H,750
-0.0059382,-0.043946,1,0.0,4,H,750
-0.0055676,-0.038453,1,0.0,4,H,750
-0.0050921,-0.033109,1,0.0,4,H,750
-0.0043883,-0.027586,1,0.0,4,H,750
-0.0039091,-0.022149,1,0.0,4,H,750
-0.0033251,-0.016805,1,0.0,4,H,750
-0.0027673,-0.011566,1,0.0,4,H,750
-0.0025165,-0.0063044,1,0.0,4,H,750
-0.0019325,-0.00094571,1,0.0,4,H,750
-0.0012961,0.004413,1,0.0,4,H,750
-0.00082816,0.009682,1,0.0,4,H,750
-0.00020672,0.015164,1,0.0,4,H,750
0.00024625,0.020635,1,0.0,4,H,750
0.00055697,0.026068,1,0.0,4,H,750
0.0012683,0.031711,1,0.0,4,H,750
0.001886,0.037182,1,0.0,4,H,750
0.0022341,0.042795,1,0.0,4,H,750
0.0031101,0.048553,1,0.0,4,H,750
0.0036979,0.054428,1,0.0,4,H,750
0.0038401,0.060384,1,0.0,4,H,750
0.0046038,0.066434,1,0.0,4,H,750
0.0054049,0.072817,1,0.0,4,H,750
0.0059552,0.079058,1,0.0,4,H,750
0.0066553,0.085526,1,0.0,4,H,750
0.0073778,0.092283,1,0.0,4,H,750
0.0079132,0.099095,1,0.0,4,H,750
0.0086357,0.10603,1,0.0,4,H,750
0.0095678,0.11309,1,0.0,4,H,750
0.010219,0.12025,1,0.0,4,H,750
0.010897,0.12735,1,0.0,4,H,750
0.011571,0.13479,1,0.0,4,H,750
0.012312,0.14198,1,0.0,4,H,750
0.013162,0.14879,1,0.0,4,H,750
0.013899,0.15571,1,0.0,4,H,750
0.014629,0.16217,1,0.0,4,H,750
0.015355,0.16849,1,0.0,4,H,750
0.015876,0.17479,1,0.0,4,H,750
0.016381,0.18073,1,0.0,4,H,750
0.017171,0.1865,1,0.0,4,H,750
0.017676,0.1921,1,0.0,4,H,750
0.018148,0.19733,1,0.0,4,H,750
0.018728,0.20232,1,0.0,4,H,750
0.019279,0.20733,1,0.0,4,H,750
0.019938,0.212,1,0.0,4,H,750
0.020293,0.21623,1,0.0,4,H,750
0.020836,0.2201,1,0.0,4,H,750
0.021341,0.22359,1,0.0,4,H,750
0.021566,0.22679,1,0.0,4,H,750
0.022056,0.22981,1,0.0,4,H,750
0.022408,0.23286,1,0.0,4,H,750
0.022551,0.23548,1,0.0,4,H,750
0.022906,0.23803,1,0.0,4,H,750
0.023277,0.2406,1,0.0,4,H,750
0.023442,0.2428,1,0.0,4,H,750
0.023756,0.24497,1,0.0,4,H,750
0.024011,0.24672,1,0.0,4,H,750
0.024022,0.2484,1,0.0,4,H,750
0.024258,0.25001,1,0.0,4,H,750
0.024662,0.25136,1,0.0,4,H,750
0.024898,0.25267,1,0.0,4,H,750
0.024879,0.25384,1,0.0,4,H,750
0.025059,0.25505,1,0.0,4,H,750
0.025385,0.25595,1,0.0,4,H,750
0.025482,0.25687,1,0.0,4,H,750
0.025579,0.25779,1,0.0,4,H,750
0.025688,0.25846,1,0.0,4,H,750
0.025894,0.25939,1,0.0,4,H,750
0.026021,0.26003,1,0.0,4,H,750
0.026148,0.26084,1,0.0,4,H,750
0.026373,0.26184,1,0.0,4,H,750
0.026463,0.26223,1,0.0,4,H,750
0.026601,0.26291,1,0.0,4,H,750
0.026654,0.26374,1,0.0,4,H,750
0.026785,0.26429,1,0.0,4,H,750
0.026886,0.26488,1,0.0,4,H,750
0.026964,0.26558,1,0.0,4,H,750
0.027114,0.26615,1,0.0,4,H,750
0.027204,0.26645,1,0.0,4,H,750
0.027447,0.26677,1,0.0,4,H,750
0.027511,0.26679,1,0.0,4,H,750
0.027421,0.26662,1,0.0,4,H,750
0.027556,0.26626,1,0.0,4,H,750
0.027605,0.26556,1,0.0,4,H,750
0.027361,0.2649,1,0.0,4,H,750
0.02729,0.26411,1,0.0,4,H,750
0.027335,0.26306,1,0.0,4,H,750
0.027211,0.26161,1,0.0,4,H,750
0.027043,0.25988,1,0.0,4,H,750
0.026811,0.25802,1,0.0,4,H,750
0.026699,0.25582,1,0.0,4,H,750
0.026481,0.25344,1,0.0,4,H,750
0.0261,0.25088,1,0.0,4,H,750
0.025841,0.24802,1,0.0,4,H,750
0.025392,0.24476,1,0.0,4,H,750
0.024991,0.24126,1,0.0,4,H,750
0.024726,0.23764,1,0.0,4,H,750
0.024303,0.23394,1,0.0,4,H,750
0.023812,0.23002,1,0.0,4,H,750
0.023292,0.22562,1,0.0,4,H,750
0.02294,0.22126,1,0.0,4,H,750
0.022487,0.21661,1,0.0,4,H,750
0.021847,0.21155,1,0.0,4,H,750
0.021308,0.20663,1,0.0,4,H,750
0.020772,0.20122,1,0.0,4,H,750
0.020181,0.19549,1,0.0,4,H,750
0.019619,0.18979,1,0.0,4,H,750
0.018987,0.18392,1,0.0,4,H,750
0.018216,0.17782,1,0.0,4,H,750
0.017613,0.17149,1,0.0,4,H,750
0.016931,0.16523,1,0.0,4,H,750
0.016216,0.1589,1,0.0,4,H,750
0.015719,0.15241,1,0.0,4,H,750
0.014925,0.14581,1,0.0,4,H,750
0.014165,0.13922,1,0.0,4,H,750
0.013502,0.13251,1,0.0,4,H,750
0.012806,0.12575,1,0.0,4,H,750
0.012233,0.11897,1,0.0,4,H,750
0.011391,0.11201,1,0.0,4,H,750
0.010635,0.10529,1,0.0,4,H,750
0.0099721,0.098501,1,0.0,4,H,750
0.0092683,0.091879,1,0.0,4,H,750
0.0086319,0.085679,1,0.0,4,H,750
0.0078495,0.079233,1,0.0,4,H,750
0.007288,0.072884,1,0.0,4,H,750
0.0066665,0.066767,1,0.0,4,H,750
0.0060189,0.060668,1,0.0,4,H,750
0.0055959,0.054641,1,0.0,4,H,750
0.0049332,0.048751,1,0.0,4,H,750
0.004338,0.043094,1,0.0,4,H,750
0.003784,0.037563,1,0.0,4,H,750
0.0031401,0.03204,1,0.0,4,H,750
0.0025261,0.026502,1,0.0,4,H,750
0.001987,0.021117,1,0.0,4,H,750
0.0016726,0.01593,1,0.0,4,H,750
0.0010661,0.010773,1,0.0,4,H,750
0.00057569,0.005422,1,0.0,4,H,750
0.00021256,8.9414e-05,1,0.0,4,H,750
-0.00046503,-0.0049853,1,0.0,4,H,750
-0.00093673,-0.010299,1,0.0,4,H,750
-0.0014533,-0.015759,1,0.0,4,H,750
-0.0018801,-0.021017,1,0.0,4,H,750
-0.0023967,-0.026458,1,0.0,4,H,750
-0.0031155,-0.031969,1,0.0,4,H,750
-0.0035722,-0.037425,1,0.0,4,H,750
-0.0041712,-0.043068,1,0.0,4,H,750
-0.004744,-0.048853,1,0.0,4,H,750
-0.0052344,-0.054742,1,0.0,4,H,750
-0.0058109,-0.060673,1,0.0,4,H,750
-0.0064473,-0.066719,1,0.0,4,H,750
-0.0071174,-0.072937,1,0.0,4,H,750
-0.0078399,-0.07932,1,0.0,4,H,750
-0.0084838,-0.085826,1,0.0,4,H,750
-0.0090304,-0.092627,1,0.0,4,H,750
-0.0098839,-0.099611,1,0.0,4,H,750
-0.010535,-0.10646,1,0.0,4,H,750
-0.011187,-0.11368,1,0.0,4,H,750
-0.01195,-0.12087,1,0.0,4,H,750
-0.012486,-0.12802,1,0.0,4,H,750
-0.01347,-0.13543,1,0.0,4,H,750
-0.014395,-0.14252,1,0.0,4,H,750
-0.015031,-0.14979,1,0.0,4,H,750
-0.015746,-0.15665,1,0.0,4,H,750
-0.016323,-0.16307,1,0.0,4,H,750
-0.016974,-0.16961,1,0.0,4,H,750
-0.017663,-0.1758,1,0.0,4,H,750
-0.018296,-0.18189,1,0.0,4,H,750
-0.018966,-0.18764,1,0.0,4,H,750
-0.01952,-0.19325,1,0.0,4,H,750
-0.020029,-0.19863,1,0.0,4,H,750
-0.020591,-0.20325,1,0.0,4,H,750
-0.021321,-0.20824,1,0.0,4,H,750
-0.022039,-0.21307,1,0.0,4,H,750
-0.022264,-0.21703,1,0.0,4,H,750
-0.022597,-0.22092,1,0.0,4,H,750
-0.023065,-0.22442,1,0.0,4,H,750
-0.023436,-0.22753,1,0.0,4,H,750
-0.023941,-0.23048,1,0.0,4,H,750
-0.024046,-0.23334,1,0.0,4,H,750
-0.024278,-0.23597,1,0.0,4,H,750
-0.024791,-0.23855,1,0.0,4,H,750
-0.025068,-0.24111,1,0.0,4,H,750
-0.025233,-0.24324,1,0.0,4,H,750
-0.025379,-0.24542,1,0.0,4,H,750
-0.025738,-0.24746,1,0.0,4,H,750
-0.026038,-0.24893,1,0.0,4,H,750
-0.026202,-0.25052,1,0.0,4,H,750
-0.026288,-0.25208,1,0.0,4,H,750
-0.026562,-0.25327,1,0.0,4,H,750
-0.026779,-0.25453,1,0.0,4,H,750
-0.026749,-0.25563,1,0.0,4,H,750
-0.027052,-0.25646,1,0.0,4,H,750
-0.027232,-0.25748,1,0.0,4,H,750
-0.027284,-0.25839,1,0.0,4,H,750
-0.027464,-0.25912,1,0.0,4,H,750
-0.027674,-0.26007,1,0.0,4,H,750
-0.027797,-0.2609,1,0.0,4,H,750
-0.027887,-0.26162,1,0.0,4,H,750
-0.027995,-0.26233,1,0.0,4,H,750
-0.028067,-0.26304,1,0.0,4,H,750
-0.028385,-0.26386,1,0.0,4,H,750
-0.028606,-0.26434,1,0.0,4,H,750
-0.02855,-0.26488,1,0.0,4,H,750
-0.028632,-0.26566,1,0.0,4,H,750
-0.028935,-0.26614,1,0.0,4,H,750
-0.028883,-0.26652,1,0.0,4,H,750
-0.028886,-0.26676,1,0.0,4,H,750
-0.029186,-0.2669,1,0.0,4,H,750
-0.029085,-0.26695,1,0.0,4,H,750
-0.029134,-0.26666,1,0.0,4,H,750
-0.029328,-0.26625,1,0.0,4,H,750
-0.029205,-0.26582,1,0.0,4,H,750
-0.028991,-0.26506,1,0.0,4,H,750
-0.028939,-0.26383,1,0.0,4,H,750
-0.029092,-0.26273,1,0.0,4,H,750
-0.02895,-0.26142,1,0.0,4,H,750
-0.028561,-0.25963,1,0.0,4,H,750
-0.028493,-0.25774,1,0.0,4,H,750
-0.0284,-0.25543,1,0.0,4,H,750
-0.028224,-0.25307,1,0.0,4,H,750
-0.027984,-0.25051,1,0.0,4,H,750
-0.02746,-0.24754,1,0.0,4,H,750
-0.026966,-0.24432,1,0.0,4,H,750
-0.026629,-0.24107,1,0.0,4,H,750
-0.026487,-0.23768,1,0.0,4,H,750
-0.026008,-0.23361,1,0.0,4,H,750
-0.025386,-0.22962,1,0.0,4,H,750
-0.024993,-0.22545,1,0.0,4,H,750
-0.024473,-0.22079,1,0.0,4,H,750
-0.023994,-0.21614,1,0.0,4,H,750
-0.023537,-0.21125,1,0.0,4,H,750
-0.02293,-0.20621,1,0.0,4,H,750
-0.022212,-0.2009,1,0.0,4,H,750
-0.021744,-0.19534,1,0.0,4,H,750
-0.021208,-0.18954,1,0.0,4,H,750
-0.020377,-0.18357,1,0.0,4,H,750
-0.019786,-0.17753,1,0.0,4,H,750
-0.019333,-0.17129,1,0.0,4,H,750
-0.018588,-0.16512,1,0.0,4,H,750
-0.017682,-0.15878,1,0.0,4,H,750
-0.017109,-0.1522,1,0.0,4,H,750
-0.016551,-0.14569,1,0.0,4,H,750
-0.015889,-0.13921,1,0.0,4,H,750
-0.015174,-0.13248,1,0.0,4,H,750
-0.014395,-0.12577,1,0.0,4,H,750
-0.013729,-0.1191,1,0.0,4,H,750
-0.013029,-0.11229,1,0.0,4,H,750
-0.012437,-0.10567,1,0.0,4,H,750
-0.011718,-0.099013,1,0.0,4,H,750
-0.010869,-0.092429,1,0.0,4,H,750
-0.010303,-0.085908,1,0.0,4,H,750
-0.0097267,-0.079525,1,0.0,4,H,750
-0.0090603,-0.073438,1,0.0,4,H,750
-0.0084127,-0.067227,1,0.0,4,H,750
-0.0078923,-0.0612,1,0.0,4,H,750
-0.0072934,-0.055348,1,0.0,4,H,750
-0.0066794,-0.049473,1,0.0,4,H,750
-0.0061591,-0.043801,1,0.0,4,H,750
-0.0054515,-0.038158,1,0.0,4,H,750
-0.0050247,-0.03265,1,0.0,4,H,750
-0.004452,-0.027194,1,0.0,4,H,750
-0.0035572,-0.021626,1,0.0,4,H,750
-0.0031529,-0.016431,1,0.0,4,H,750
-0.0028871,-0.011226,1,0.0,4,H,750
-0.0023518,-0.0058224,1,0.0,4,H,750
-0.0018502,-0.00064302,1,0.0,4,H,750
-0.0014159,0.0044616,1,0.0,4,H,750
-0.00093298,0.0097045,1,0.0,4,H,750
-0.00044257,0.015067,1,0.0,4,H,750
9.6509e-05,0.020444,1,0.0,4,H,750
0.00068051,0.025784,1,0.0,4,H,750
0.0013768,0.031109,1,0.0,4,H,750
0.0018672,0.036629,1,0.0,4,H,750
0.0021967,0.042238,1,0.0,4,H,750
0.0028892,0.047982,1,0.0,4,H,750
0.0035519,0.053834,1,0.0,4,H,750
0.0039674,0.059615,1,0.0,4,H,750
0.0046525,0.065709,1,0.0,4,H,750
0.0053563,0.071987,1,0.0,4,H,750
0.0057643,0.078187,1,0.0,4,H,750
0.0064943,0.084581,1,0.0,4,H,750
0.0072805,0.091281,1,0.0,4,H,750
0.0078982,0.097933,1,0.0,4,H,750
0.0085945,0.10479,1,0.0,4,H,750
0.0091935,0.11198,1,0.0,4,H,750
0.010058,0.11914,1,0.0,4,H,750
0.010934,0.12638,1,0.0,4,H,750
0.011657,0.13347,1,0.0,4,H,750
0.012323,0.14052,1,0.0,4,H,750
0.012952,0.14753,1,0.0,4,H,750
0.01369,0.15443,1,0.0,4,H,750
0.014333,0.16123,1,0.0,4,H,750
0.015221,0.16762,1,0.0,4,H,750
0.015939,0.17371,1,0.0,4,H,750
0.016344,0.17964,1,0.0,4,H,750
0.016991,0.18548,1,0.0,4,H,750
0.017755,0.191,1,0.0,4,H,750
0.018332,0.19627,1,0.0,4,H,750
0.018721,0.20138,1,0.0,4,H,750
0.019346,0.20625,1,0.0,4,H,750
0.019941,0.21085,1,0.0,4,H,750
0.020387,0.21498,1,0.0,4,H,750
0.020757,0.21875,1,0.0,4,H,750
0.021136,0.22231,1,0.0,4,H,750
0.021641,0.22563,1,0.0,4,H,750
0.021884,0.22869,1,0.0,4,H,750
0.022079,0.23143,1,0.0,4,H,750
0.022408,0.23408,1,0.0,4,H,750
0.022734,0.23677,1,0.0,4,H,750
0.023075,0.23911,1,0.0,4,H,750
0.023277,0.2414,1,0.0,4,H,750
0.023472,0.24372,1,0.0,4,H,750
0.023696,0.24558,1,0.0,4,H,750
0.023868,0.24742,1,0.0,4,H,750
0.024265,0.24915,1,0.0,4,H,750
0.024501,0.25053,1,0.0,4,H,750
0.024628,0.25174,1,0.0,4,H,750
0.024935,0.253,1,0.0,4,H,750
0.02501,0.25409,1,0.0,4,H,750
0.025167,0.25501,1,0.0,4,H,750
0.025392,0.25608,1,0.0,4,H,750
0.025568,0.25692,1,0.0,4,H,750
0.025695,0.25788,1,0.0,4,H,750
0.025718,0.25882,1,0.0,4,H,750
0.02589,0.25958,1,0.0,4,H,750
0.026159,0.26059,1,0.0,4,H,750
0.02638,0.2613,1,0.0,4,H,750
0.026395,0.26197,1,0.0,4,H,750
0.026451,0.26268,1,0.0,4,H,750
0.026661,0.2633,1,0.0,4,H,750
0.026833,0.26418,1,0.0,4,H,750
0.026852,0.26467,1,0.0,4,H,750
0.027028,0.2651,1,0.0,4,H,750
0.027215,0.26563,1,0.0,4,H,750
0.027133,0.26579,1,0.0,4,H,750
0.027283,0.2661,1,0.0,4,H,750
0.02735,0.26613,1,0.0,4,H,750
0.027406,0.2659,1,0.0,4,H,750
0.027462,0.26558,1,0.0,4,H,750
0.027417,0.26493,1,0.0,4,H,750
0.027436,0.26436,1,0.0,4,H,750
0.027298,0.26329,1,0.0,4,H,750
0.027372,0.26192,1,0.0,4,H,750
0.027279,0.26072,1,0.0,4,H,750
0.026991,0.25917,1,0.0,4,H,750
0.026755,0.25712,1,0.0,4,H,750
0.026287,0.25498,1,0.0,4,H,750
0.026212,0.25267,1,0.0,4,H,750
0.026201,0.25007,1,0.0,4,H,750
0.025718,0.24745,1,0.0,4,H,750
0.025429,0.2444,1,0.0,4,H,750
0.025137,0.24097,1,0.0,4,H,750
0.024643,0.23761,1,0.0,4,H,750
0.024299,0.23381,1,0.0,4,H,750
0.024018,0.22965,1,0.0,4,H,750
0.023464,0.22553,1,0.0,4,H,750
0.022708,0.22107,1,0.0,4,H,750
0.022326,0.21644,1,0.0,4,H,750
0.021918,0.21153,1,0.0,4,H,750
0.021248,0.20629,1,0.0,4,H,750
0.020795,0.20106,1,0.0,4,H,750
0.020087,0.19545,1,0.0,4,H,750
0.019384,0.18964,1,0.0,4,H,750
0.019017,0.18371,1,0.0,4,H,750
0.018227,0.17776,1,0.0,4,H,750
0.017426,0.17173,1,0.0,4,H,750
0.016815,0.16521,1,0.0,4,H,750
0.016172,0.15877,1,0.0,4,H,750
0.015719,0.15239,1,0.0,4,H,750
0.01509,0.14581,1,0.0,4,H,750
0.014157,0.13929,1,0.0,4,H,750
0.013371,0.13257,1,0.0,4,H,750
0.012836,0.12581,1,0.0,4,H,750
0.012087,0.11912,1,0.0,4,H,750
0.011324,0.11241,1,0.0,4,H,750
0.010657,0.10576,1,0.0,4,H,750
0.0099048,0.098934,1,0.0,4,H,750
0.0093507,0.092466,1,0.0,4,H,750
0.0086843,0.086012,1,0.0,4,H,750
0.0078607,0.079304,1,0.0,4,H,750
0.0073703,0.073254,1,0.0,4,H,750
0.0067788,0.067171,1,0.0,4,H,750
0.0061162,0.060818,1,0.0,4,H,750
0.005637,0.05491,1,0.0,4,H,750
0.0048022,0.0492,1,0.0,4,H,750
0.0041883,0.043292,1,0.0,4,H,750
0.0037765,0.037582,1,0.0,4,H,750
0.0030951,0.032092,1,0.0,4,H,750
0.0026609,0.026532,1,0.0,4,H,750
0.0022341,0.021341,1,0.0,4,H,750
0.0017699,0.016053,1,0.0,4,H,750
0.0012046,0.010586,1,0.0,4,H,750
0.00051205,0.0054593,1,0.0,4,H,750
0.00016389,0.00018284,1,0.0,4,H,750
-0.00032277,-0.0051647,1,0.0,4,H,750
-0.00097042,-0.010445,1,0.0,4,H,750
-0.001356,-0.015781,1,0.0,4,H,750
-0.0019774,-0.021129,1,0.0,4,H,750
-0.0024604,-0.026532,1,0.0,4,H,750
-0.0028909,-0.031928,1,0.0,4,H,750
-0.0037145,-0.037515,1,0.0,4,H,750
-0.0041263,-0.043382,1,0.0,4,H,750
-0.0046055,-0.049152,1,0.0,4,H,750
-0.005313,-0.054877,1,0.0,4,H,750
-0.0059007,-0.061043,1,0.0,4,H,750
-0.0064773,-0.067223,1,0.0,4,H,750
-0.0070051,-0.073303,1,0.0,4,H,750
-0.0078661,-0.079772,1,0.0,4,H,750
-0.00854,-0.086375,1,0.0,4,H,750
-0.0090866,-0.093098,1,0.0,4,H,750
-0.0098203,-0.099832,1,0.0,4,H,750
-0.010468,-0.10683,1,0.0,4,H,750
-0.01119,-0.11417,1,0.0,4,H,750
-0.011924,-0.12119,1,0.0,4,H,750
-0.012624,-0.12848,1,0.0,4,H,750
-0.013414,-0.136,1,0.0,4,H,750
-0.014245,-0.14321,1,0.0,4,H,750
-0.015028,-0.15047,1,0.0,4,H,750
-0.015765,-0.15744,1,0.0,4,H,750
-0.01642,-0.16402,1,0.0,4,H,750
-0.017117,-0.17051,1,0.0,4,H,750
-0.017802,-0.17675,1,0.0,4,H,750
-0.018431,-0.18281,1,0.0,4,H,750
-0.018925,-0.18861,1,0.0,4,H,750
-0.01943,-0.1941,1,0.0,4,H,750
-0.020179,-0.19932,1,0.0,4,H,750
-0.020654,-0.20425,1,0.0,4,H,750
-0.021298,-0.20918,1,0.0,4,H,750
-0.022002,-0.21378,1,0.0,4,H,750
-0.022185,-0.21784,1,0.0,4,H,750
-0.022605,-0.22166,1,0.0,4,H,750
-0.023159,-0.22518,1,0.0,4,H,750
-0.023537,-0.22841,1,0.0,4,H,750
-0.02381,-0.23139,1,0.0,4,H,750
-0.02411,-0.23425,1,0.0,4,H,750
-0.024473,-0.23698,1,0.0,4,H,750
-0.024712,-0.23962,1,0.0,4,H,750
-0.025079,-0.24209,1,0.0,4,H,750
-0.025356,-0.24436,1,0.0,4,H,750
-0.025641,-0.24652,1,0.0,4,H,750
-0.025922,-0.24837,1,0.0,4,H,750
-0.026097,-0.25016,1,0.0,4,H,750
-0.026345,-0.25188,1,0.0,4,H,750
-0.026382,-0.25352,1,0.0,4,H,750
-0.026667,-0.25488,1,0.0,4,H,750
-0.026906,-0.25593,1,0.0,4,H,750
-0.026947,-0.25699,1,0.0,4,H,750
-0.027288,-0.25811,1,0.0,4,H,750
-0.02737,-0.25923,1,0.0,4,H,750
-0.027524,-0.26005,1,0.0,4,H,750
-0.027786,-0.26092,1,0.0,4,H,750
-0.02767,-0.26191,1,0.0,4,H,750
-0.027951,-0.26275,1,0.0,4,H,750
-0.028295,-0.26355,1,0.0,4,H,750
-0.028265,-0.26409,1,0.0,4,H,750
-0.028452,-0.26482,1,0.0,4,H,750
-0.028688,-0.26568,1,0.0,4,H,750
-0.028621,-0.26633,1,0.0,4,H,750
-0.028681,-0.26693,1,0.0,4,H,750
-0.02904,-0.26733,1,0.0,4,H,750
-0.029115,-0.2679,1,0.0,4,H,750
-0.029164,-0.2683,1,0.0,4,H,750
-0.02925,-0.26848,1,0.0,4,H,750
-0.029298,-0.26863,1,0.0,4,H,750
-0.029384,-0.26863,1,0.0,4,H,750
-0.029216,-0.26841,1,0.0,4,H,750
-0.029205,-0.26788,1,0.0,4,H,750
-0.029227,-0.26738,1,0.0,4,H,750
-0.029265,-0.26665,1,0.0,4,H,750
-0.029265,-0.26558,1,0.0,4,H,750
-0.029145,-0.26439,1,0.0,4,H,750
-0.028976,-0.26286,1,0.0,4,H,750
-0.028733,-0.26112,1,0.0,4,H,750
-0.028729,-0.25915,1,0.0,4,H,750
-0.028501,-0.25686,1,0.0,4,H,750
-0.02819,-0.25453,1,0.0,4,H,750
-0.027883,-0.25197,1,0.0,4,H,750
-0.027546,-0.24889,1,0.0,4,H,750
-0.027329,-0.24569,1,0.0,4,H,750
-0.026824,-0.24239,1,0.0,4,H,750
-0.026513,-0.23873,1,0.0,4,H,750
-0.026214,-0.23478,1,0.0,4,H,750
-0.025521,-0.23057,1,0.0,4,H,750
-0.025031,-0.22643,1,0.0,4,H,750
-0.024623,-0.22183,1,0.0,4,H,750
-0.024068,-0.21692,1,0.0,4,H,750
-0.023589,-0.2121,1,0.0,4,H,750
-0.022987,-0.20688,1,0.0,4,H,750
-0.022324,-0.20152,1,0.0,4,H,750
-0.021781,-0.19597,1,0.0,4,H,750
-0.021309,-0.1901,1,0.0,4,H,750
-0.020647,-0.18403,1,0.0,4,H,750
-0.019808,-0.17796,1,0.0,4,H,750
-0.019325,-0.1718,1,0.0,4,H,750
-0.018685,-0.1654,1,0.0,4,H,750
-0.017794,-0.15907,1,0.0,4,H,750
-0.017263,-0.15254,1,0.0,4,H,750
-0.016671,-0.14572,1,0.0,4,H,750
-0.015848,-0.13912,1,0.0,4,H,750
-0.015207,-0.13261,1,0.0,4,H,750
-0.014515,-0.12586,1,0.0,4,H,750
-0.013729,-0.11909,1,0.0,4,H,750
-0.013137,-0.11246,1,0.0,4,H,750
-0.012403,-0.10587,1,0.0,4,H,750
-0.011677,-0.099181,1,0.0,4,H,750
-0.011179,-0.092758,1,0.0,4,H,750
-0.010487,-0.08639,1,0.0,4,H,750
-0.0097716,-0.079989,1,0.0,4,H,750
-0.0092475,-0.073797,1,0.0,4,H,750
-0.0084801,-0.067623,1,0.0,4,H,750
-0.0077688,-0.061603,1,0.0,4,H,750
-0.007342,-0.055613,1,0.0,4,H,750
-0.0066719,-0.049847,1,0.0,4,H,750
-0.0060018,-0.044103,1,0.0,4,H,750
-0.0056312,-0.038404,1,0.0,4,H,750
-0.0050996,-0.032952,1,0.0,4,H,750
-0.0045381,-0.027388,1,0.0,4,H,750
-0.0039878,-0.022108,1,0.0,4,H,750
-0.003385,-0.016775,1,0.0,4,H,750
-0.0030781,-0.011312,1,0.0,4,H,750
-0.0024154,-0.0059233,1,0.0,4,H,750
-0.0017341,-0.00060191,1,0.0,4,H,750
-0.0014234,0.0046559,1,0.0,4,H,750
-0.00077575,0.010101,1,0.0,4,H,750
-0.0003078,0.015306,1,0.0,4,H,750
3.6611e-05,0.020687,1,0.0,4,H,750
0.00076661,0.026177,1,0.0,4,H,750
0.0014405,0.031786,1,0.0,4,H,750
0.001987,0.037615,1,0.0,4,H,750
0.0025523,0.043161,1,0.0,4,H,750
0.0029042,0.048946,1,0.0,4,H,750
0.0034882,0.054884,1,0.0,4,H,750
0.0043605,0.061046,1,0.0,4,H,750
0.004922,0.066958,1,0.0,4,H,750
0.0055285,0.073082,1,0.0,4,H,750
0.0062398,0.079857,1,0.0,4,H,750
0.006805,0.086105,1,0.0,4,H,750
0.0073741,0.09278,1,0.0,4,H,750
0.008149,0.099633,1,0.0,4,H,750
0.0089426,0.10648,1,0.0,4,H,750
0.0095529,0.11374,1,0.0,4,H,750
0.010272,0.12076,1,0.0,4,H,750
0.010998,0.12799,1,0.0,4,H,750
0.011762,0.13506,1,0.0,4,H,750
0.012454,0.14219,1,0.0,4,H,750
0.013173,0.14944,1,0.0,4,H,750
0.013959,0.15641,1,0.0,4,H,750
0.014581,0.16316,1,0.0,4,H,750
0.015329,0.16939,1,0.0,4,H,750
0.015951,0.17573,1,0.0,4,H,750
0.016583,0.18185,1,0.0,4,H,750
0.01722,0.18742,1,0.0,4,H,750
0.017654,0.19296,1,0.0,4,H,750
0.018253,0.19809,1,0.0,4,H,750
0.018833,0.20313,1,0.0,4,H,750
0.019488,0.20798,1,0.0,4,H,750
0.020129,0.21252,1,0.0,4,H,750
0.020522,0.21686,1,0.0,4,H,750
0.021068,0.22059,1,0.0,4,H,750
0.021465,0.22417,1,0.0,4,H,750
0.021663,0.22745,1,0.0,4,H,750
0.022064,0.23031,1,0.0,4,H,750
0.022315,0.23321,1,0.0,4,H,750
0.02264,0.23601,1,0.0,4,H,750
0.023067,0.23862,1,0.0,4,H,750
0.023277,0.24101,1,0.0,4,H,750
0.023546,0.24344,1,0.0,4,H,750
0.023868,0.24566,1,0.0,4,H,750
0.024082,0.24766,1,0.0,4,H,750
0.024243,0.24958,1,0.0,4,H,750
0.024557,0.25129,1,0.0,4,H,750
0.024819,0.25297,1,0.0,4,H,750
0.024973,0.25422,1,0.0,4,H,750
0.025055,0.2555,1,0.0,4,H,750
0.025205,0.25677,1,0.0,4,H,750
0.025546,0.25757,1,0.0,4,H,750
0.025665,0.2587,1,0.0,4,H,750
0.025781,0.2597,1,0.0,4,H,750
0.026025,0.26044,1,0.0,4,H,750
0.026208,0.26136,1,0.0,4,H,750
0.026189,0.26241,1,0.0,4,H,750
0.026231,0.26326,1,0.0,4,H,750
0.02659,0.26377,1,0.0,4,H,750
0.026773,0.26459,1,0.0,4,H,750
0.026848,0.26552,1,0.0,4,H,750
0.027054,0.26625,1,0.0,4,H,750
0.027118,0.26686,1,0.0,4,H,750
0.027152,0.26721,1,0.0,4,H,750
0.027298,0.26757,1,0.0,4,H,750
0.027365,0.26824,1,0.0,4,H,750
0.027492,0.2686,1,0.0,4,H,750
0.027679,0.26856,1,0.0,4,H,750
0.027754,0.26871,1,0.0,4,H,750
0.027739,0.2687,1,0.0,4,H,750
0.027762,0.26832,1,0.0,4,H,750
0.027694,0.26766,1,0.0,4,H,750
0.027586,0.26681,1,0.0,4,H,750
0.027653,0.26598,1,0.0,4,H,750
0.027552,0.2648,1,0.0,4,H,750
0.027466,0.26314,1,0.0,4,H,750
0.027268,0.26137,1,0.0,4,H,750
0.026942,0.2595,1,0.0,4,H,750
0.026889,0.25729,1,0.0,4,H,750
0.026549,0.25486,1,0.0,4,H,750
0.026272,0.2522,1,0.0,4,H,750
0.025924,0.24941,1,0.0,4,H,750
0.025358,0.24635,1,0.0,4,H,750
0.025295,0.24279,1,0.0,4,H,750
0.024932,0.23914,1,0.0,4,H,750
0.024426,0.23514,1,0.0,4,H,750
0.023984,0.23103,1,0.0,4,H,750
0.023554,0.22692,1,0.0,4,H,750
0.023093,0.22221,1,0.0,4,H,750
0.022408,0.21726,1,0.0,4,H,750
0.022131,0.21233,1,0.0,4,H,750
0.021435,0.20723,1,0.0,4,H,750
0.02072,0.20171,1,0.0,4,H,750
0.020432,0.19612,1,0.0,4,H,750
0.019709,0.1904,1,0.0,4,H,750
0.018961,0.18414,1,0.0,4,H,750
0.018249,0.17795,1,0.0,4,H,750
0.017579,0.17183,1,0.0,4,H,750
0.017006,0.16534,1,0.0,4,H,750
0.016314,0.15887,1,0.0,4,H,750
0.015651,0.15225,1,0.0,4,H,750
0.014966,0.14542,1,0.0,4,H,750
0.014165,0.13874,1,0.0,4,H,750
0.01351,0.1321,1,0.0,4,H,750
0.012799,0.12539,1,0.0,4,H,750
0.012095,0.11854,1,0.0,4,H,750
0.011413,0.1118,1,0.0,4,H,750
0.01062,0.10521,1,0.0,4,H,750
0.0098598,0.098617,1,0.0,4,H,750
0.0092272,0.092051,1,0.0,4,H,750
0.0088266,0.085612,1,0.0,4,H,750
0.0080329,0.07939,1,0.0,4,H,750
0.0072243,0.072948,1,0.0,4,H,750
0.0068537,0.066674,1,0.0,4,H,750
0.0060676,0.060814,1,0.0,4,H,750
0.0054012,0.054801,1,0.0,4,H,750
0.0049857,0.048991,1,0.0,4,H,750
0.0042482,0.043363,1,0.0,4,H,750
0.0036454,0.037679,1,0.0,4,H,750
0.0032,0.03207,1,0.0,4,H,750
0.002717,0.026614,1,0.0,4,H,750
0.0020694,0.02118,1,0.0,4,H,750
0.0014854,0.015601,1,0.0,4,H,750
0.0011559,0.010332,1,0.0,4,H,750
0.00067677,0.0051753,1,0.0,4,H,750
0.00010774,-0.00029175,1,0.0,4,H,750
-0.00025913,-0.0057327,1,0.0,4,H,750
-0.00077201,-0.010968,1,0.0,4,H,750
-0.0015357,-0.016345,1,0.0,4,H,750
-0.002071,-0.02188,1,0.0,4,H,750
-0.0025914,-0.02741,1,0.0,4,H,750
-0.003093,-0.032792,1,0.0,4,H,750
-0.0034786,-0.038472,1,0.0,4,H,750
-0.0041038,-0.044525,1,0.0,4,H,750
-0.0046953,-0.050198,1,0.0,4,H,750
-0.0051745,-0.05611,1,0.0,4,H,750
-0.0058259,-0.062332,1,0.0,4,H,750
-0.0064623,-0.068415,1,0.0,4,H,750
-0.0071324,-0.0746,1,0.0,4,H,750
-0.0079298,-0.080938,1,0.0,4,H,750
-0.008525,-0.087481,1,0.0,4,H,750
-0.0090866,-0.09429,1,0.0,4,H,750
-0.009824,-0.10121,1,0.0,4,H,750
-0.01061,-0.10818,1,0.0,4,H,750
-0.011408,-0.11533,1,0.0,4,H,750
-0.012216,-0.12276,1,0.0,4,H,750
-0.012946,-0.1301,1,0.0,4,H,750
-0.013699,-0.13728,1,0.0,4,H,750
-0.014414,-0.14466,1,0.0,4,H,750
-0.015035,-0.15191,1,0.0,4,H,750
-0.015881,-0.15898,1,0.0,4,H,750
-0.016581,-0.16583,1,0.0,4,H,750
-0.017255,-0.17243,1,0.0,4,H,750
-0.017918,-0.17882,1,0.0,4,H,750
-0.018438,-0.18474,1,0.0,4,H,750
-0.01922,-0.19044,1,0.0,4,H,750
-0.019711,-0.19591,1,0.0,4,H,750
-0.020213,-0.20106,1,0.0,4,H,750
-0.02095,-0.20598,1,0.0,4,H,750
-0.021624,-0.21078,1,0.0,4,H,750
-0.022193,-0.21535,1,0.0,4,H,750
-0.022395,-0.21935,1,0.0,4,H,750
-0.022807,-0.2231,1,0.0,4,H,750
-0.023267,-0.2268,1,0.0,4,H,750
-0.023548,-0.22983,1,0.0,4,H,750
-0.024042,-0.23271,1,0.0,4,H,750
-0.024338,-0.23565,1,0.0,4,H,750
-0.024491,-0.23825,1,0.0,4,H,750
-0.024933,-0.2408,1,0.0,4,H,750
-0.025263,-0.2432,1,0.0,4,H,750
-0.025334,-0.24534,1,0.0,4,H,750
-0.0256,-0.24732,1,0.0,4,H,750
-0.025959,-0.2496,1,0.0,4,H,750
-0.026288,-0.25157,1,0.0,4,H,750
-0.026434,-0.25306,1,0.0,4,H,750
-0.026517,-0.25471,1,0.0,4,H,750
-0.026719,-0.25609,1,0.0,4,H,750
-0.026962,-0.25721,1,0.0,4,H,750
-0.027146,-0.25821,1,0.0,4,H,750
-0.027119,-0.25927,1,0.0,4,H,750
-0.02746,-0.26028,1,0.0,4,H,750
-0.027569,-0.26101,1,0.0,4,H,750
-0.027584,-0.26192,1,0.0,4,H,750
-0.028022,-0.26289,1,0.0,4,H,750
-0.027966,-0.26384,1,0.0,4,H,750
-0.028183,-0.26457,1,0.0,4,H,750
-0.028419,-0.26527,1,0.0,4,H,750
-0.028404,-0.26607,1,0.0,4,H,750
-0.028797,-0.26658,1,0.0,4,H,750
-0.02886,-0.26746,1,0.0,4,H,750
-0.028838,-0.26815,1,0.0,4,H,750
-0.029081,-0.26838,1,0.0,4,H,750
-0.029208,-0.26906,1,0.0,4,H,750
-0.029231,-0.26943,1,0.0,4,H,750
-0.02928,-0.2694,1,0.0,4,H,750
-0.029381,-0.26943,1,0.0,4,H,750
-0.02947,-0.26942,1,0.0,4,H,750
-0.029463,-0.26938,1,0.0,4,H,750
-0.029399,-0.26902,1,0.0,4,H,750
-0.029396,-0.26821,1,0.0,4,H,750
-0.029426,-0.26741,1,0.0,4,H,750
-0.029283,-0.26656,1,0.0,4,H,750
-0.029205,-0.26521,1,0.0,4,H,750
-0.029104,-0.26357,1,0.0,4,H,750
-0.028875,-0.26182,1,0.0,4,H,750
-0.028935,-0.25986,1,0.0,4,H,750
-0.028609,-0.25756,1,0.0,4,H,750
-0.028134,-0.25509,1,0.0,4,H,750
-0.028119,-0.25251,1,0.0,4,H,750
-0.02782,-0.24961,1,0.0,4,H,750
-0.027337,-0.24646,1,0.0,4,H,750
-0.026917,-0.24299,1,0.0,4,H,750
-0.026487,-0.23943,1,0.0,4,H,750
-0.026195,-0.23541,1,0.0,4,H,750
-0.025843,-0.23117,1,0.0,4,H,750
-0.025304,-0.22681,1,0.0,4,H,750
-0.024667,-0.22213,1,0.0,4,H,750
-0.024106,-0.21741,1,0.0,4,H,750
-0.02366,-0.21236,1,0.0,4,H,750
-0.02314,-0.20719,1,0.0,4,H,750
-0.02247,-0.2017,1,0.0,4,H,750
-0.02189,-0.19594,1,0.0,4,H,750
-0.021336,-0.19009,1,0.0,4,H,750
-0.020523,-0.18405,1,0.0,4,H,750
-0.019879,-0.17785,1,0.0,4,H,750
-0.019329,-0.17159,1,0.0,4,H,750
-0.018633,-0.16522,1,0.0,4,H,750
-0.017914,-0.15852,1,0.0,4,H,750
-0.017113,-0.15205,1,0.0,4,H,750
-0.016435,-0.14549,1,0.0,4,H,750
-0.015761,-0.13866,1,0.0,4,H,750
-0.015035,-0.13197,1,0.0,4,H,750
-0.014298,-0.12522,1,0.0,4,H,750
-0.013736,-0.11855,1,0.0,4,H,750
-0.013115,-0.11177,1,0.0,4,H,750
-0.012254,-0.10517,1,0.0,4,H,750
-0.011677,-0.098729,1,0.0,4,H,750
-0.011018,-0.092193,1,0.0,4,H,750
-0.010348,-0.085878,1,0.0,4,H,750
-0.0097529,-0.079589,1,0.0,4,H,750
-0.0089668,-0.073341,1,0.0,4,H,750
-0.0083715,-0.067317,1,0.0,4,H,750
-0.0078324,-0.061293,1,0.0,4,H,750
-0.007226,-0.055295,1,0.0,4,H,750
-0.0066495,-0.049439,1,0.0,4,H,750
-0.0060467,-0.043681,1,0.0,4,H,750
-0.0054515,-0.038135,1,0.0,4,H,750
-0.0049049,-0.032653,1,0.0,4,H,750
-0.0044333,-0.027052,1,0.0,4,H,750
-0.0038455,-0.021641,1,0.0,4,H,750
-0.0032915,-0.016353,1,0.0,4,H,750
-0.0028123,-0.011073,1,0.0,4,H,750
-0.002247,-0.0057813,1,0.0,4,H,750
-0.0017753,-0.00026185,1,0.0,4,H,750
-0.0012886,0.0050707,1,0.0,4,H,750
-0.00074206,0.010467,1,0.0,4,H,750
-0.00022544,0.016035,1,0.0,4,H,750
0.00041846,0.021229,1,0.0,4,H,750
0.00089764,0.026763,1,0.0,4,H,750
0.0012608,0.032395,1,0.0,4,H,750
0.0020095,0.037937,1,0.0,4,H,750
0.0025523,0.043714,1,0.0,4,H,750
0.0030053,0.049342,1,0.0,4,H,750
0.0037166,0.055291,1,0.0,4,H,750
0.0041883,0.061304,1,0.0,4,H,750
0.0047798,0.067271,1,0.0,4,H,750
0.0054536,0.073635,1,0.0,4,H,750
0.0060863,0.079988,1,0.0,4,H,750
0.0067339,0.086393,1,0.0,4,H,750
0.0073778,0.09297,1,0.0,4,H,750
0.0082201,0.09973,1,0.0,4,H,750
0.0088603,0.10668,1,0.0,4,H,750
0.0095117,0.11381,1,0.0,4,H,750
0.010238,0.12105,1,0.0,4,H,750
0.011058,0.12837,1,0.0,4,H,750
0.011908,0.13562,1,0.0,4,H,750
0.012447,0.14278,1,0.0,4,H,750
0.01327,0.15004,1,0.0,4,H,750
0.014146,0.15686,1,0.0,4,H,750
0.014798,0.16361,1,0.0,4,H,750
0.015385,0.17032,1,0.0,4,H,750
0.015898,0.17652,1,0.0,4,H,750
0.016546,0.18258,1,0.0,4,H,750
0.017216,0.18825,1,0.0,4,H,750
0.017834,0.19379,1,0.0,4,H,750
0.018444,0.19902,1,0.0,4,H,750
0.019017,0.20389,1,0.0,4,H,750
0.019623,0.20881,1,0.0,4,H,750
0.020222,0.21343,1,0.0,4,H,750
0.020649,0.21744,1,0.0,4,H,750
0.021132,0.22112,1,0.0,4,H,750
0.021439,0.22481,1,0.0,4,H,750
0.021633,0.22814,1,0.0,4,H,750
0.022101,0.23106,1,0.0,4,H,750
0.022427,0.23392,1,0.0,4,H,750
0.0227,0.23666,1,0.0,4,H,750
0.022955,0.23909,1,0.0,4,H,750
0.023397,0.24145,1,0.0,4,H,750
0.023685,0.24368,1,0.0,4,H,750
0.023692,0.24582,1,0.0,4,H,750
0.024127,0.24803,1,0.0,4,H,750
0.024243,0.24989,1,0.0,4,H,750
0.024449,0.25164,1,0.0,4,H,750
0.024864,0.25336,1,0.0,4,H,750
0.025003,0.25477,1,0.0,4,H,750
0.025242,0.25585,1,0.0,4,H,750
0.025156,0.25693,1,0.0,4,H,750
0.025343,0.25804,1,0.0,4,H,750
0.025774,0.25892,1,0.0,4,H,750
0.025819,0.25994,1,0.0,4,H,750
0.025965,0.2609,1,0.0,4,H,750
0.026186,0.26147,1,0.0,4,H,750
0.026339,0.26242,1,0.0,4,H,750
0.026365,0.26344,1,0.0,4,H,750
0.026601,0.26426,1,0.0,4,H,750
0.026867,0.26518,1,0.0,4,H,750
0.026856,0.26572,1,0.0,4,H,750
0.027249,0.26633,1,0.0,4,H,750
0.027301,0.26704,1,0.0,4,H,750
0.027077,0.26739,1,0.0,4,H,750
0.02744,0.26795,1,0.0,4,H,750
0.027533,0.26841,1,0.0,4,H,750
0.027571,0.2686,1,0.0,4,H,750
0.027717,0.26892,1,0.0,4,H,750
0.027616,0.26883,1,0.0,4,H,750
0.027754,0.2686,1,0.0,4,H,750
0.027878,0.26846,1,0.0,4,H,750
0.027773,0.26776,1,0.0,4,H,750
0.027694,0.26694,1,0.0,4,H,750
0.027578,0.26619,1,0.0,4,H,750
0.027459,0.26486,1,0.0,4,H,750
0.027241,0.26312,1,0.0,4,H,750
0.027103,0.26144,1,0.0,4,H,750
0.027125,0.25957,1,0.0,4,H,750
0.026852,0.2575,1,0.0,4,H,750
0.026564,0.25507,1,0.0,4,H,750
0.026365,0.25223,1,0.0,4,H,750
0.026073,0.2494,1,0.0,4,H,750
0.025755,0.24639,1,0.0,4,H,750
0.025381,0.24307,1,0.0,4,H,750
0.02501,0.23943,1,0.0,4,H,750
0.02452,0.23557,1,0.0,4,H,750
0.024157,0.23151,1,0.0,4,H,750
0.023655,0.22709,1,0.0,4,H,750
0.023052,0.22243,1,0.0,4,H,750
0.022648,0.21764,1,0.0,4,H,750
0.021836,0.21278,1,0.0,4,H,750
0.021368,0.20767,1,0.0,4,H,750
0.020975,0.20208,1,0.0,4,H,750
0.020155,0.19636,1,0.0,4,H,750
0.019649,0.19062,1,0.0,4,H,750
0.018964,0.18452,1,0.0,4,H,750
0.01829,0.17824,1,0.0,4,H,750
0.017695,0.17197,1,0.0,4,H,750
0.016976,0.16552,1,0.0,4,H,750
0.016284,0.15891,1,0.0,4,H,750
0.015606,0.15238,1,0.0,4,H,750
0.014977,0.1457,1,0.0,4,H,750
0.014184,0.13883,1,0.0,4,H,750
0.013499,0.1321,1,0.0,4,H,750
0.012716,0.12536,1,0.0,4,H,750
0.0119,0.11866,1,0.0,4,H,750
0.011369,0.11181,1,0.0,4,H,750
0.01068,0.10518,1,0.0,4,H,750
0.0099272,0.098665,1,0.0,4,H,750
0.0093095,0.091939,1,0.0,4,H,750
0.0086357,0.085668,1,0.0,4,H,750
0.0080367,0.079308,1,0.0,4,H,750
0.0074939,0.072985,1,0.0,4,H,750
0.0068575,0.066924,1,0.0,4,H,750
0.0062323,0.060915,1,0.0,4,H,750
0.0055809,0.055029,1,0.0,4,H,750
0.005083,0.049047,1,0.0,4,H,750
0.0043642,0.043352,1,0.0,4,H,750
0.0036567,0.037802,1,0.0,4,H,750
0.0033609,0.03226,1,0.0,4,H,750
0.0027844,0.02679,1,0.0,4,H,750
0.0021929,0.021334,1,0.0,4,H,750
0.0015266,0.015885,1,0.0,4,H,750
0.0010736,0.010702,1,0.0,4,H,750
0.00070297,0.0053622,1,0.0,4,H,750
-3.8261e-05,-0.00027307,1,0.0,4,H,750
-0.00041262,-0.0054263,1,0.0,4,H,750
-0.00094796,-0.010781,1,0.0,4,H,750
-0.0014795,-0.016218,1,0.0,4,H,750
-0.0018502,-0.021592,1,0.0,4,H,750
-0.0025914,-0.02707,1,0.0,4,H,750
-0.0031455,-0.032519,1,0.0,4,H,750
-0.0035797,-0.038322,1,0.0,4,H,750
-0.0041225,-0.043931,1,0.0,4,H,750
-0.0046691,-0.049686,1,0.0,4,H,750
-0.0052793,-0.055646,1,0.0,4,H,750
-0.0058671,-0.061465,1,0.0,4,H,750
-0.0064174,-0.067672,1,0.0,4,H,750
-0.0070388,-0.073912,1,0.0,4,H,750
-0.0078474,-0.080288,1,0.0,4,H,750
-0.0085737,-0.086846,1,0.0,4,H,750
-0.0090491,-0.093442,1,0.0,4,H,750
-0.0097903,-0.10023,1,0.0,4,H,750
-0.01052,-0.1072,1,0.0,4,H,750
-0.011172,-0.11452,1,0.0,4,H,750
-0.012037,-0.12174,1,0.0,4,H,750
-0.012796,-0.12894,1,0.0,4,H,750
-0.013482,-0.13636,1,0.0,4,H,750
-0.01423,-0.14377,1,0.0,4,H,750
-0.015076,-0.15106,1,0.0,4,H,750
-0.015859,-0.15812,1,0.0,4,H,750
-0.016525,-0.165,1,0.0,4,H,750
-0.017188,-0.17165,1,0.0,4,H,750
-0.017925,-0.17789,1,0.0,4,H,750
-0.018513,-0.18389,1,0.0,4,H,750
-0.019116,-0.18963,1,0.0,4,H,750
-0.019868,-0.19509,1,0.0,4,H,750
-0.020276,-0.20044,1,0.0,4,H,750
-0.02074,-0.2053,1,0.0,4,H,750
-0.021366,-0.21005,1,0.0,4,H,750
-0.021968,-0.21466,1,0.0,4,H,750
-0.022507,-0.21867,1,0.0,4,H,750
-0.022766,-0.22245,1,0.0,4,H,750
-0.023095,-0.2259,1,0.0,4,H,750
-0.023537,-0.22909,1,0.0,4,H,750
-0.023844,-0.23205,1,0.0,4,H,750
-0.024158,-0.23482,1,0.0,4,H,750
-0.024447,-0.23741,1,0.0,4,H,750
-0.024742,-0.24001,1,0.0,4,H,750
-0.025154,-0.24237,1,0.0,4,H,750
-0.025281,-0.24434,1,0.0,4,H,750
-0.02551,-0.24665,1,0.0,4,H,750
-0.026004,-0.24871,1,0.0,4,H,750
-0.026236,-0.25057,1,0.0,4,H,750
-0.026442,-0.25239,1,0.0,4,H,750
-0.02667,-0.25383,1,0.0,4,H,750
-0.026741,-0.25538,1,0.0,4,H,750
-0.026929,-0.25667,1,0.0,4,H,750
-0.027063,-0.25757,1,0.0,4,H,750
-0.027033,-0.25858,1,0.0,4,H,750
-0.027254,-0.25956,1,0.0,4,H,750
-0.027498,-0.26035,1,0.0,4,H,750
-0.027689,-0.26124,1,0.0,4,H,750
-0.027849,-0.26208,1,0.0,4,H,750
-0.027928,-0.26288,1,0.0,4,H,750
-0.028067,-0.2637,1,0.0,4,H,750
-0.028258,-0.26449,1,0.0,4,H,750
-0.028407,-0.26528,1,0.0,4,H,750
-0.028568,-0.26586,1,0.0,4,H,750
-0.028759,-0.26649,1,0.0,4,H,750
-0.028666,-0.26718,1,0.0,4,H,750
-0.028849,-0.26767,1,0.0,4,H,750
-0.029242,-0.2681,1,0.0,4,H,750
-0.029212,-0.26837,1,0.0,4,H,750
-0.02922,-0.26836,1,0.0,4,H,750
-0.029328,-0.26852,1,0.0,4,H,750
-0.029317,-0.26855,1,0.0,4,H,750
-0.029339,-0.26836,1,0.0,4,H,750
-0.029467,-0.26822,1,0.0,4,H,750
-0.029399,-0.26766,1,0.0,4,H,750
-0.029265,-0.26683,1,0.0,4,H,750
-0.029122,-0.26576,1,0.0,4,H,750
-0.029055,-0.26454,1,0.0,4,H,750
-0.029145,-0.26308,1,0.0,4,H,750
-0.028939,-0.26107,1,0.0,4,H,750
-0.028684,-0.25889,1,0.0,4,H,750
-0.028535,-0.2566,1,0.0,4,H,750
-0.02822,-0.25442,1,0.0,4,H,750
-0.027936,-0.25184,1,0.0,4,H,750
-0.027677,-0.24882,1,0.0,4,H,750
-0.027228,-0.2458,1,0.0,4,H,750
-0.026842,-0.24228,1,0.0,4,H,750
-0.026521,-0.23887,1,0.0,4,H,750
-0.026064,-0.23504,1,0.0,4,H,750
-0.025532,-0.2307,1,0.0,4,H,750
-0.025293,-0.22651,1,0.0,4,H,750
-0.02487,-0.22188,1,0.0,4,H,750
-0.024053,-0.21698,1,0.0,4,H,750
-0.023612,-0.21193,1,0.0,4,H,750
-0.022964,-0.20689,1,0.0,4,H,750
-0.022313,-0.20145,1,0.0,4,H,750
-0.021897,-0.19556,1,0.0,4,H,750
-0.021167,-0.18983,1,0.0,4,H,750
-0.020564,-0.18369,1,0.0,4,H,750
-0.020014,-0.17754,1,0.0,4,H,750
-0.019277,-0.17128,1,0.0,4,H,750
-0.018479,-0.16469,1,0.0,4,H,750
-0.017787,-0.15851,1,0.0,4,H,750
-0.017113,-0.15183,1,0.0,4,H,750
-0.016394,-0.14494,1,0.0,4,H,750
-0.015679,-0.13848,1,0.0,4,H,750
-0.015073,-0.13179,1,0.0,4,H,750
-0.014496,-0.12519,1,0.0,4,H,750
-0.013646,-0.11844,1,0.0,4,H,750
-0.012987,-0.11168,1,0.0,4,H,750
-0.012351,-0.10529,1,0.0,4,H,750
-0.01161,-0.098782,1,0.0,4,H,750
-0.010992,-0.092384,1,0.0,4,H,750
-0.010213,-0.08599,1,0.0,4,H,750
-0.009678,-0.079652,1,0.0,4,H,750
-0.0091427,-0.073438,1,0.0,4,H,750
-0.0083902,-0.067306,1,0.0,4,H,750
-0.00781,-0.061356,1,0.0,4,H,750
-0.0073083,-0.055314,1,0.0,4,H,750
-0.0067169,-0.049529,1,0.0,4,H,750
-0.0059906,-0.043801,1,0.0,4,H,750
-0.0053991,-0.038105,1,0.0,4,H,750
-0.00489,-0.032747,1,0.0,4,H,750
-0.0044894,-0.02713,1,0.0,4,H,750
-0.0041338,-0.021581,1,0.0,4,H,750
-0.0033588,-0.016454,1,0.0,4,H,750
-0.0026738,-0.011233,1,0.0,4,H,750
-0.0023106,-0.0058261,1,0.0,4,H,750
-0.0017828,-0.00045991,1,0.0,4,H,750
-0.0012474,0.0049437,1,0.0,4,H,750
-0.00084688,0.010329,1,0.0,4,H,750
-0.00024042,0.01574,1,0.0,4,H,750
0.00043343,0.021203,1,0.0,4,H,750
0.00084897,0.026464,1,0.0,4,H,750
0.0012421,0.032032,1,0.0,4,H,750
0.0018934,0.03766,1,0.0,4,H,750
0.0025598,0.04312,1,0.0,4,H,750
0.0029679,0.048983,1,0.0,4,H,750
0.0034545,0.054936,1,0.0,4,H,750
0.0041733,0.060665,1,0.0,4,H,750
0.0048397,0.066662,1,0.0,4,H,750
0.0054274,0.072981,1,0.0,4,H,750
0.0060676,0.079274,1,0.0,4,H,750
0.0065842,0.085818,1,0.0,4,H,750
0.007273,0.092264,1,0.0,4,H,750
0.0079993,0.098856,1,0.0,4,H,750
0.008587,0.10599,1,0.0,4,H,750
0.0095454,0.11287,1,0.0,4,H,750
0.010245,0.11992,1,0.0,4,H,750
0.010822,0.12729,1,0.0,4,H,750
0.011769,0.13447,1,0.0,4,H,750
0.01251,0.1417,1,0.0,4,H,750
0.013139,0.14897,1,0.0,4,H,750
0.013907,0.15594,1,0.0,4,H,750
0.014629,0.16249,1,0.0,4,H,750
0.015266,0.16907,1,0.0,4,H,750
0.015906,0.17553,1,0.0,4,H,750
0.016568,0.18166,1,0.0,4,H,750
0.017089,0.18729,1,0.0,4,H,750
0.017568,0.19273,1,0.0,4,H,750
0.018365,0.19806,1,0.0,4,H,750
0.018953,0.20278,1,0.0,4,H,750
0.019556,0.20767,1,0.0,4,H,750
0.0202,0.21228,1,0.0,4,H,750
0.020394,0.21639,1,0.0,4,H,750
0.020896,0.22028,1,0.0,4,H,750
0.021218,0.22353,1,0.0,4,H,750
0.021465,0.22681,1,0.0,4,H,750
0.022071,0.22986,1,0.0,4,H,750
0.022334,0.23258,1,0.0,4,H,750
0.022622,0.23525,1,0.0,4,H,750
0.023037,0.23785,1,0.0,4,H,750
0.023228,0.24024,1,0.0,4,H,750
0.023393,0.24238,1,0.0,4,H,750
0.02382,0.24465,1,0.0,4,H,750
0.024071,0.24667,1,0.0,4,H,750
0.0241,0.24858,1,0.0,4,H,750
0.024363,0.25044,1,0.0,4,H,750
0.024737,0.25204,1,0.0,4,H,750
0.024995,0.25358,1,0.0,4,H,750
0.025036,0.25479,1,0.0,4,H,750
0.02516,0.25581,1,0.0,4,H,750
0.025444,0.2569,1,0.0,4,H,750
0.025553,0.25773,1,0.0,4,H,750
0.025673,0.25854,1,0.0,4,H,750
0.025759,0.25957,1,0.0,4,H,750
0.025897,0.26042,1,0.0,4,H,750
0.026163,0.26133,1,0.0,4,H,750
0.026261,0.26217,1,0.0,4,H,750
0.026478,0.26288,1,0.0,4,H,750
0.026541,0.26392,1,0.0,4,H,750
0.026579,0.26471,1,0.0,4,H,750
0.026923,0.2651,1,0.0,4,H,750
0.026998,0.26578,1,0.0,4,H,750
0.027148,0.26657,1,0.0,4,H,750
0.027406,0.26681,1,0.0,4,H,750
0.027298,0.26696,1,0.0,4,H,750
0.027339,0.26742,1,0.0,4,H,750
0.027414,0.26751,1,0.0,4,H,750
0.027342,0.26748,1,0.0,4,H,750
0.027582,0.26733,1,0.0,4,H,750
0.027664,0.26693,1,0.0,4,H,750
0.027545,0.26663,1,0.0,4,H,750
0.027567,0.26579,1,0.0,4,H,750
0.02744,0.26477,1,0.0,4,H,750
0.027387,0.26366,1,0.0,4,H,750
0.027346,0.26208,1,0.0,4,H,750
0.027006,0.26022,1,0.0,4,H,750
0.026785,0.25823,1,0.0,4,H,750
0.026583,0.25612,1,0.0,4,H,750
0.026422,0.25357,1,0.0,4,H,750
0.02632,0.25109,1,0.0,4,H,750
0.025957,0.24839,1,0.0,4,H,750
0.025557,0.24518,1,0.0,4,H,750
0.025201,0.24195,1,0.0,4,H,750
0.024789,0.23843,1,0.0,4,H,750
0.024325,0.23477,1,0.0,4,H,750
0.023966,0.23068,1,0.0,4,H,750
0.023561,0.22649,1,0.0,4,H,750
0.02297,0.222,1,0.0,4,H,750
0.022465,0.21693,1,0.0,4,H,750
0.021843,0.21207,1,0.0,4,H,750
0.021319,0.20683,1,0.0,4,H,750
0.020881,0.20128,1,0.0,4,H,750
0.020144,0.19568,1,0.0,4,H,750
0.01953,0.1899,1,0.0,4,H,750
0.018904,0.18388,1,0.0,4,H,750
0.018189,0.17762,1,0.0,4,H,750
0.017542,0.17132,1,0.0,4,H,750
0.016744,0.16488,1,0.0,4,H,750
0.016149,0.15829,1,0.0,4,H,750
0.015614,0.15161,1,0.0,4,H,750
0.014921,0.14507,1,0.0,4,H,750
0.01421,0.13828,1,0.0,4,H,750
0.01339,0.13145,1,0.0,4,H,750
0.012727,0.12497,1,0.0,4,H,750
0.011975,0.11833,1,0.0,4,H,750
0.01123,0.11165,1,0.0,4,H,750
0.010545,0.10501,1,0.0,4,H,750
0.0098449,0.098344,1,0.0,4,H,750
0.0094143,0.091879,1,0.0,4,H,750
0.0085645,0.085336,1,0.0,4,H,750
0.0078345,0.078893,1,0.0,4,H,750
0.0073853,0.072716,1,0.0,4,H,750
0.0066628,0.066502,1,0.0,4,H,750
0.0061424,0.060463,1,0.0,4,H,750
0.0055023,0.05445,1,0.0,4,H,750
0.0048846,0.048598,1,0.0,4,H,750
0.0042631,0.042851,1,0.0,4,H,750
0.0035631,0.037283,1,0.0,4,H,750
0.0032636,0.031991,1,0.0,4,H,750
0.0026946,0.026405,1,0.0,4,H,750
0.0019571,0.021046,1,0.0,4,H,750
0.0017063,0.015684,1,0.0,4,H,750
0.0011522,0.01028,1,0.0,4,H,750
0.0003361,0.005194,1,0.0,4,H,750
7.0304e-05,-0.00027307,1,0.0,4,H,750
-0.0002816,-0.0056542,1,0.0,4,H,750
-0.0009517,-0.01077,1,0.0,4,H,750
-0.001532,-0.016211,1,0.0,4,H,750
-0.0021085,-0.021813,1,0.0,4,H,750
-0.0025727,-0.027123,1,0.0,4,H,750
-0.0031342,-0.032414,1,0.0,4,H,750
-0.003677,-0.037967,1,0.0,4,H,750
-0.0041375,-0.043576,1,0.0,4,H,750
-0.0048301,-0.049372,1,0.0,4,H,750
-0.0053617,-0.055191,1,0.0,4,H,750
-0.0058146,-0.061188,1,0.0,4,H,750
-0.0065035,-0.067298,1,0.0,4,H,750
-0.0071661,-0.073315,1,0.0,4,H,750
-0.0078437,-0.07988,1,0.0,4,H,750
-0.0085288,-0.086476,1,0.0,4,H,750
-0.009124,-0.092851,1,0.0,4,H,750
-0.0097005,-0.099746,1,0.0,4,H,750
-0.010457,-0.10685,1,0.0,4,H,750
-0.011325,-0.11403,1,0.0,4,H,750
-0.011954,-0.12121,1,0.0,4,H,750
-0.012718,-0.12837,1,0.0,4,H,750
-0.013467,-0.13586,1,0.0,4,H,750
-0.014197,-0.14304,1,0.0,4,H,750
-0.015174,-0.15019,1,0.0,4,H,750
-0.015758,-0.15747,1,0.0,4,H,750
-0.016432,-0.16423,1,0.0,4,H,750
-0.017218,-0.17097,1,0.0,4,H,750
-0.01776,-0.17744,1,0.0,4,H,750
-0.018479,-0.18347,1,0.0,4,H,750
-0.01903,-0.18917,1,0.0,4,H,750
-0.019486,-0.19479,1,0.0,4,H,750
-0.02028,-0.20017,1,0.0,4,H,750
-0.020916,-0.20486,1,0.0,4,H,750
-0.021336,-0.20964,1,0.0,4,H,750
-0.021908,-0.21415,1,0.0,4,H,750
-0.022316,-0.21819,1,0.0,4,H,750
-0.022695,-0.22196,1,0.0,4,H,750
-0.0232,-0.22531,1,0.0,4,H,750
-0.023481,-0.2286,1,0.0,4,H,750
-0.023795,-0.23162,1,0.0,4,H,750
-0.024143,-0.23424,1,0.0,4,H,750
-0.024424,-0.23686,1,0.0,4,H,750
-0.024802,-0.23941,1,0.0,4,H,750
-0.025064,-0.24164,1,0.0,4,H,750
-0.025278,-0.24384,1,0.0,4,H,750
-0.025525,-0.24593,1,0.0,4,H,750
-0.025671,-0.24774,1,0.0,4,H,750
-0.026015,-0.24979,1,0.0,4,H,750
-0.026296,-0.25177,1,0.0,4,H,750
-0.026476,-0.25324,1,0.0,4,H,750
-0.02676,-0.25466,1,0.0,4,H,750
-0.026839,-0.25584,1,0.0,4,H,750
-0.027138,-0.25682,1,0.0,4,H,750
-0.027277,-0.25782,1,0.0,4,H,750
-0.027194,-0.25857,1,0.0,4,H,750
-0.027531,-0.25949,1,0.0,4,H,750
-0.027651,-0.26051,1,0.0,4,H,750
-0.027647,-0.26142,1,0.0,4,H,750
-0.027857,-0.26222,1,0.0,4,H,750
-0.02801,-0.26305,1,0.0,4,H,750
-0.028276,-0.264,1,0.0,4,H,750
-0.028422,-0.2647,1,0.0,4,H,750
-0.028478,-0.26545,1,0.0,4,H,750
-0.028624,-0.26608,1,0.0,4,H,750
-0.028673,-0.26659,1,0.0,4,H,750
-0.028916,-0.26708,1,0.0,4,H,750
-0.029077,-0.26734,1,0.0,4,H,750
-0.028954,-0.26769,1,0.0,4,H,750
-0.02913,-0.26779,1,0.0,4,H,750
-0.029231,-0.26784,1,0.0,4,H,750
-0.029141,-0.26774,1,0.0,4,H,750
-0.029362,-0.26731,1,0.0,4,H,750
-0.029366,-0.2671,1,0.0,4,H,750
-0.029231,-0.26662,1,0.0,4,H,750
-0.029261,-0.26587,1,0.0,4,H,750
-0.029145,-0.26488,1,0.0,4,H,750
-0.029036,-0.2634,1,0.0,4,H,750
-0.028924,-0.26187,1,0.0,4,H,750
-0.028804,-0.26026,1,0.0,4,H,750
-0.028572,-0.25819,1,0.0,4,H,750
-0.028415,-0.25572,1,0.0,4,H,750
-0.028291,-0.2533,1,0.0,4,H,750
-0.027857,-0.2508,1,0.0,4,H,750
-0.027513,-0.24801,1,0.0,4,H,750
-0.027262,-0.24494,1,0.0,4,H,750
-0.026895,-0.24171,1,0.0,4,H,750
-0.026427,-0.2382,1,0.0,4,H,750
-0.025948,-0.23428,1,0.0,4,H,750
-0.02557,-0.23028,1,0.0,4,H,750
-0.025046,-0.22603,1,0.0,4,H,750
-0.024454,-0.22151,1,0.0,4,H,750
-0.024214,-0.21658,1,0.0,4,H,750
-0.023675,-0.21142,1,0.0,4,H,750
-0.022856,-0.20636,1,0.0,4,H,750
-0.022376,-0.201,1,0.0,4,H,750
-0.021826,-0.1954,1,0.0,4,H,750
-0.021175,-0.18943,1,0.0,4,H,750
-0.020538,-0.1834,1,0.0,4,H,750
-0.019906,-0.17732,1,0.0,4,H,750
-0.019228,-0.17096,1,0.0,4,H,750
-0.018337,-0.16469,1,0.0,4,H,750
-0.017689,-0.15818,1,0.0,4,H,750
-0.017102,-0.15155,1,0.0,4,H,750
-0.016289,-0.14497,1,0.0,4,H,750
-0.015728,-0.13829,1,0.0,4,H,750
-0.015013,-0.13168,1,0.0,4,H,750
-0.01429,-0.12502,1,0.0,4,H,750
-0.013676,-0.11837,1,0.0,4,H,750
-0.013021,-0.11181,1,0.0,4,H,750
-0.012497,-0.10529,1,0.0,4,H,750
-0.011655,-0.098815,1,0.0,4,H,750
-0.010936,-0.092354,1,0.0,4,H,750
-0.010363,-0.086039,1,0.0,4,H,750
-0.0096743,-0.079731,1,0.0,4,H,750
-0.0090566,-0.073363,1,0.0,4,H,750
-0.0084127,-0.067167,1,0.0,4,H,750
-0.0077988,-0.061054,1,0.0,4,H,750
-0.0070725,-0.055022,1,0.0,4,H,750
-0.0065521,-0.049249,1,0.0,4,H,750
-0.0061141,-0.043475,1,0.0,4,H,750
-0.0054964,-0.037747,1,0.0,4,H,750
-0.0049087,-0.032283,1,0.0,4,H,750
-0.0043996,-0.026947,1,0.0,4,H,750
-0.0039915,-0.021659,1,0.0,4,H,750
-0.0033102,-0.016308,1,0.0,4,H,750
-0.0027898,-0.011032,1,0.0,4,H,750
-0.0024716,-0.0056766,1,0.0,4,H,750
-0.0018277,-0.00026933,1,0.0,4,H,750
-0.001341,0.0047419,1,0.0,4,H,750
-0.00072708,0.010097,1,0.0,4,H,750
-0.00010939,0.015766,1,0.0,4,H,750
0.00024251,0.02102,1,0.0,4,H,750
0.0008602,0.026319,1,0.0,4,H,750
0.0012757,0.031786,1,0.0,4,H,750
0.0017849,0.037298,1,0.0,4,H,750
0.0024325,0.042776,1,0.0,4,H,750
0.0027807,0.048396,1,0.0,4,H,750
0.0035593,0.054454,1,0.0,4,H,750
0.0043118,0.060373,1,0.0,4,H,750
0.0046787,0.0663,1,0.0,4,H,750
0.0052028,0.072585,1,0.0,4,H,750
0.0059964,0.078856,1,0.0,4,H,750
0.0067264,0.08525,1,0.0,4,H,750
0.0073516,0.091808,1,0.0,4,H,750
0.0080741,0.098725,1,0.0,4,H,750
0.0086244,0.10568,1,0.0,4,H,750
0.0094443,0.11255,1,0.0,4,H,750
0.010099,0.11977,1,0.0,4,H,750
0.010668,0.12685,1,0.0,4,H,750
0.011668,0.13403,1,0.0,4,H,750
0.012241,0.14121,1,0.0,4,H,750
0.013139,0.14835,1,0.0,4,H,750
0.014094,0.15543,1,0.0,4,H,750
0.014536,0.16201,1,0.0,4,H,750
0.015232,0.16871,1,0.0,4,H,750
0.015786,0.1752,1,0.0,4,H,750
0.016546,0.18136,1,0.0,4,H,750
0.017257,0.18725,1,0.0,4,H,750
0.017632,0.19269,1,0.0,4,H,750
0.018253,0.19782,1,0.0,4,H,750
0.018803,0.20281,1,0.0,4,H,750
0.019477,0.20772,1,0.0,4,H,750
0.02011,0.2122,1,0.0,4,H,750
0.020514,0.21637,1,0.0,4,H,750
0.020814,0.22014,1,0.0,4,H,750
0.021154,0.22354,1,0.0,4,H,750
0.021656,0.22677,1,0.0,4,H,750
0.021993,0.22977,1,0.0,4,H,750
0.02227,0.23267,1,0.0,4,H,750
0.022539,0.23536,1,0.0,4,H,750
0.022888,0.23793,1,0.0,4,H,750
0.02312,0.24021,1,0.0,4,H,750
0.023385,0.24227,1,0.0,4,H,750
0.023812,0.24448,1,0.0,4,H,750
0.023951,0.24642,1,0.0,4,H,750
0.024134,0.24838,1,0.0,4,H,750
0.024415,0.2502,1,0.0,4,H,750
0.024658,0.2518,1,0.0,4,H,750
0.024902,0.25361,1,0.0,4,H,750
0.02498,0.25481,1,0.0,4,H,750
0.02522,0.2558,1,0.0,4,H,750
0.025538,0.25705,1,0.0,4,H,750
0.025538,0.25786,1,0.0,4,H,750
0.025624,0.25875,1,0.0,4,H,750
0.025909,0.25971,1,0.0,4,H,750
0.025991,0.26055,1,0.0,4,H,750
0.026092,0.26146,1,0.0,4,H,750
0.026302,0.26234,1,0.0,4,H,750
0.026526,0.26328,1,0.0,4,H,750
0.026639,0.26416,1,0.0,4,H,750
0.026699,0.265,1,0.0,4,H,750
0.027054,0.26582,1,0.0,4,H,750
0.027069,0.26638,1,0.0,4,H,750
0.027084,0.2669,1,0.0,4,H,750
0.027376,0.26742,1,0.0,4,H,750
0.027219,0.26775,1,0.0,4,H,750
0.027327,0.26789,1,0.0,4,H,750
0.027664,0.26789,1,0.0,4,H,750
0.027638,0.26785,1,0.0,4,H,750
0.027623,0.26769,1,0.0,4,H,750
0.027646,0.26719,1,0.0,4,H,750
0.027575,0.26672,1,0.0,4,H,750
0.027522,0.26596,1,0.0,4,H,750
0.027515,0.26492,1,0.0,4,H,750
0.027597,0.26393,1,0.0,4,H,750
0.027432,0.26213,1,0.0,4,H,750
0.026968,0.26028,1,0.0,4,H,750
0.02686,0.25847,1,0.0,4,H,750
0.026773,0.25616,1,0.0,4,H,750
0.026451,0.25378,1,0.0,4,H,750
0.026264,0.25123,1,0.0,4,H,750
0.025826,0.24852,1,0.0,4,H,750
0.025456,0.24531,1,0.0,4,H,750
0.025272,0.24201,1,0.0,4,H,750
0.024782,0.23878,1,0.0,4,H,750
0.024404,0.23501,1,0.0,4,H,750
0.024056,0.23102,1,0.0,4,H,750
0.023546,0.22674,1,0.0,4,H,750
0.023093,0.22229,1,0.0,4,H,750
0.02267,0.21755,1,0.0,4,H,750
0.022083,0.21246,1,0.0,4,H,750
0.021371,0.20727,1,0.0,4,H,750
0.020806,0.20179,1,0.0,4,H,750
0.020293,0.19615,1,0.0,4,H,750
0.019728,0.19035,1,0.0,4,H,750
0.019065,0.18431,1,0.0,4,H,750
0.018377,0.17828,1,0.0,4,H,750
0.017635,0.17188,1,0.0,4,H,750
0.016991,0.16544,1,0.0,4,H,750
0.016355,0.15908,1,0.0,4,H,750
0.01561,0.15238,1,0.0,4,H,750
0.014951,0.14575,1,0.0,4,H,750
0.014217,0.13901,1,0.0,4,H,750
0.01345,0.13211,1,0.0,4,H,750
0.012791,0.12539,1,0.0,4,H,750
0.012222,0.11879,1,0.0,4,H,750
0.011387,0.11215,1,0.0,4,H,750
0.010683,0.10541,1,0.0,4,H,750
0.010111,0.098841,1,0.0,4,H,750
0.0092047,0.092443,1,0.0,4,H,750
0.0086806,0.085967,1,0.0,4,H,750
0.0081228,0.079581,1,0.0,4,H,750
0.0073741,0.073299,1,0.0,4,H,750
0.0067901,0.067182,1,0.0,4,H,750
0.0060039,0.061177,1,0.0,4,H,750
0.0054274,0.054977,1,0.0,4,H,750
0.0050006,0.049226,1,0.0,4,H,750
0.0043081,0.043538,1,0.0,4,H,750
0.0037802,0.037582,1,0.0,4,H,750
0.003331,0.032089,1,0.0,4,H,750
0.002747,0.026655,1,0.0,4,H,750
0.0023202,0.021337,1,0.0,4,H,750
0.0017437,0.016091,1,0.0,4,H,750
0.0012233,0.010613,1,0.0,4,H,750
0.00078159,0.0053584,1,0.0,4,H,750
4.4098e-05,7.4467e-05,1,0.0,4,H,750
-0.00040513,-0.0051124,1,0.0,4,H,750
-0.00080196,-0.010337,1,0.0,4,H,750
-0.0014309,-0.015983,1,0.0,4,H,750
-0.0020037,-0.021435,1,0.0,4,H,750
-0.0024304,-0.026813,1,0.0,4,H,750
-0.0027486,-0.032265,1,0.0,4,H,750
-0.0034974,-0.037919,1,0.0,4,H,750
-0.0042536,-0.043744,1,0.0,4,H,750
-0.0046654,-0.049178,1,0.0,4,H,750
-0.0052381,-0.054974,1,0.0,4,H,750
-0.0058933,-0.061129,1,0.0,4,H,750
-0.0065746,-0.067197,1,0.0,4,H,750
-0.0071848,-0.073438,1,0.0,4,H,750
-0.0077576,-0.079768,1,0.0,4,H,750
-0.0084015,-0.08639,1,0.0,4,H,750
-0.0090229,-0.093019,1,0.0,4,H,750
-0.0097117,-0.099865,1,0.0,4,H,750
-0.010412,-0.10701,1,0.0,4,H,750
-0.011247,-0.11398,1,0.0,4,H,750
-0.012063,-0.12117,1,0.0,4,H,750
-0.012718,-0.12847,1,0.0,4,H,750
-0.013534,-0.13583,1,0.0,4,H,750
-0.014238,-0.14312,1,0.0,4,H,750
-0.014945,-0.15027,1,0.0,4,H,750
-0.015791,-0.15745,1,0.0,4,H,750
-0.016488,-0.16435,1,0.0,4,H,750
-0.01721,-0.17103,1,0.0,4,H,750
-0.017847,-0.17745,1,0.0,4,H,750
-0.01855,-0.18355,1,0.0,4,H,750
-0.019187,-0.18939,1,0.0,4,H,750
-0.019587,-0.19499,1,0.0,4,H,750
-0.020284,-0.20014,1,0.0,4,H,750
-0.020845,-0.20503,1,0.0,4,H,750
-0.021403,-0.21,1,0.0,4,H,750
-0.022197,-0.21436,1,0.0,4,H,750
-0.022526,-0.21827,1,0.0,4,H,750
-0.022814,-0.2222,1,0.0,4,H,750
-0.023286,-0.22558,1,0.0,4,H,750
-0.023634,-0.22868,1,0.0,4,H,750
-0.023881,-0.23168,1,0.0,4,H,750
-0.02411,-0.23443,1,0.0,4,H,750
-0.024536,-0.23708,1,0.0,4,H,750
-0.024806,-0.23965,1,0.0,4,H,750
-0.025042,-0.24197,1,0.0,4,H,750
-0.025442,-0.24401,1,0.0,4,H,750
-0.02563,-0.24631,1,0.0,4,H,750
-0.025884,-0.24827,1,0.0,4,H,750
-0.026187,-0.24986,1,0.0,4,H,750
-0.02624,-0.25176,1,0.0,4,H,750
-0.026427,-0.25339,1,0.0,4,H,750
-0.026659,-0.25491,1,0.0,4,H,750
-0.026779,-0.25631,1,0.0,4,H,750
-0.027056,-0.25735,1,0.0,4,H,750
-0.027325,-0.25828,1,0.0,4,H,750
-0.027449,-0.25929,1,0.0,4,H,750
-0.027453,-0.26031,1,0.0,4,H,750
-0.027651,-0.26108,1,0.0,4,H,750
-0.027823,-0.26199,1,0.0,4,H,750
-0.027898,-0.26301,1,0.0,4,H,750
-0.028258,-0.26379,1,0.0,4,H,750
-0.028336,-0.26474,1,0.0,4,H,750
-0.028407,-0.26557,1,0.0,4,H,750
-0.028752,-0.26632,1,0.0,4,H,750
-0.028748,-0.26708,1,0.0,4,H,750
-0.028793,-0.26748,1,0.0,4,H,750
-0.028939,-0.2679,1,0.0,4,H,750
-0.028954,-0.2684,1,0.0,4,H,750
-0.029216,-0.26874,1,0.0,4,H,750
-0.029411,-0.26878,1,0.0,4,H,750
-0.02931,-0.26877,1,0.0,4,H,750
-0.029276,-0.26868,1,0.0,4,H,750
-0.029317,-0.26832,1,0.0,4,H,750
-0.029384,-0.2679,1,0.0,4,H,750
-0.029485,-0.26732,1,0.0,4,H,750
-0.029324,-0.26661,1,0.0,4,H,750
-0.02922,-0.2656,1,0.0,4,H,750
-0.029276,-0.26426,1,0.0,4,H,750
-0.028961,-0.26278,1,0.0,4,H,750
-0.028752,-0.26092,1,0.0,4,H,750
-0.028733,-0.25889,1,0.0,4,H,750
-0.02834,-0.25645,1,0.0,4,H,750
-0.028018,-0.25375,1,0.0,4,H,750
-0.028018,-0.25127,1,0.0,4,H,750
-0.02773,-0.24862,1,0.0,4,H,750
-0.027176,-0.24551,1,0.0,4,H,750
-0.026925,-0.24211,1,0.0,4,H,750
-0.026588,-0.23865,1,0.0,4,H,750
-0.02612,-0.23491,1,0.0,4,H,750
-0.025787,-0.2309,1,0.0,4,H,750
-0.025177,-0.22658,1,0.0,4,H,750
-0.024491,-0.22193,1,0.0,4,H,750
-0.024065,-0.21717,1,0.0,4,H,750
-0.023567,-0.21217,1,0.0,4,H,750
-0.023013,-0.20691,1,0.0,4,H,750
-0.022586,-0.20146,1,0.0,4,H,750
-0.021912,-0.19564,1,0.0,4,H,750
-0.021137,-0.18978,1,0.0,4,H,750
-0.020564,-0.18384,1,0.0,4,H,750
-0.019962,-0.17756,1,0.0,4,H,750
-0.019295,-0.1712,1,0.0,4,H,750
-0.018547,-0.16473,1,0.0,4,H,750
-0.017775,-0.15828,1,0.0,4,H,750
-0.017124,-0.15164,1,0.0,4,H,750
-0.016525,-0.14496,1,0.0,4,H,750
-0.015743,-0.13841,1,0.0,4,H,750
-0.015013,-0.1317,1,0.0,4,H,750
-0.014402,-0.12504,1,0.0,4,H,750
-0.013672,-0.11848,1,0.0,4,H,750
-0.01292,-0.11189,1,0.0,4,H,750
-0.012269,-0.10519,1,0.0,4,H,750
-0.011602,-0.098853,1,0.0,4,H,750
-0.011026,-0.092369,1,0.0,4,H,750
-0.010438,-0.085908,1,0.0,4,H,750
-0.0096294,-0.079761,1,0.0,4,H,750
-0.0091801,-0.073382,1,0.0,4,H,750
-0.0085699,-0.067294,1,0.0,4,H,750
-0.0077913,-0.061457,1,0.0,4,H,750
-0.0072147,-0.055568,1,0.0,4,H,750
-0.0065596,-0.049559,1,0.0,4,H,750
-0.0061703,-0.043767,1,0.0,4,H,750
-0.0054515,-0.038139,1,0.0,4,H,750
-0.0048301,-0.032478,1,0.0,4,H,750
-0.0045006,-0.027089,1,0.0,4,H,750
-0.003853,-0.021738,1,0.0,4,H,750
-0.0034225,-0.016402,1,0.0,4,H,750
-0.0029096,-0.011088,1,0.0,4,H,750
-0.0022694,-0.0056953,1,0.0,4,H,750
-0.0017903,-0.00035528,1,0.0,4,H,750
-0.0013747,0.0048652,1,0.0,4,H,750
-0.00074955,0.010422,1,0.0,4,H,750
-0.00013185,0.015971,1,0.0,4,H,750
0.00020507,0.021166,1,0.0,4,H,750
0.00088267,0.026741,1,0.0,4,H,750
0.0014143,0.032365,1,0.0,4,H,750
0.0018223,0.037858,1,0.0,4,H,750
0.0024999,0.043587,1,0.0,4,H,750
0.0029641,0.049405,1,0.0,4,H,750
0.003608,0.055269,1,0.0,4,H,750
0.0043455,0.061367,1,0.0,4,H,750
0.0048808,0.067455,1,0.0,4,H,750
0.0054424,0.073497,1,0.0,4,H,750
0.0061087,0.079902,1,0.0,4,H,750
0.0068837,0.086393,1,0.0,4,H,750
0.0074564,0.093045,1,0.0,4,H,750
0.0081153,0.09976,1,0.0,4,H,750
0.008879,0.10664,1,0.0,4,H,750
0.0095341,0.11372,1,0.0,4,H,750
0.010287,0.12067,1,0.0,4,H,750
0.010945,0.12789,1,0.0,4,H,750
0.011713,0.13514,1,0.0,4,H,750
0.01251,0.14236,1,0.0,4,H,750
0.013177,0.14948,1,0.0,4,H,750
0.013903,0.15653,1,0.0,4,H,750
0.014663,0.16329,1,0.0,4,H,750
0.015464,0.16971,1,0.0,4,H,750
0.016119,0.17629,1,0.0,4,H,750
0.016643,0.18238,1,0.0,4,H,750
0.017235,0.18831,1,0.0,4,H,750
0.017901,0.19404,1,0.0,4,H,750
0.01838,0.19915,1,0.0,4,H,750
0.018841,0.20414,1,0.0,4,H,750
0.01956,0.20901,1,0.0,4,H,750
0.020102,0.21349,1,0.0,4,H,750
0.020604,0.21741,1,0.0,4,H,750
0.021109,0.22138,1,0.0,4,H,750
0.021398,0.2249,1,0.0,4,H,750
0.021697,0.22795,1,0.0,4,H,750
0.022064,0.23106,1,0.0,4,H,750
0.022543,0.23382,1,0.0,4,H,750
0.02276,0.23646,1,0.0,4,H,750
0.022846,0.23893,1,0.0,4,H,750
0.023221,0.2413,1,0.0,4,H,750
0.023502,0.24345,1,0.0,4,H,750
0.023715,0.24549,1,0.0,4,H,750
0.024014,0.24778,1,0.0,4,H,750
0.024243,0.24958,1,0.0,4,H,750
0.024565,0.25113,1,0.0,4,H,750
0.02486,0.25302,1,0.0,4,H,750
0.024962,0.25466,1,0.0,4,H,750
0.02513,0.25601,1,0.0,4,H,750
0.025336,0.25733,1,0.0,4,H,750
0.025459,0.25827,1,0.0,4,H,750
0.025635,0.25927,1,0.0,4,H,750
0.025879,0.26042,1,0.0,4,H,750
0.026036,0.26113,1,0.0,4,H,750
0.026096,0.26195,1,0.0,4,H,750
0.026249,0.2629,1,0.0,4,H,750
0.026526,0.26385,1,0.0,4,H,750
0.026684,0.26488,1,0.0,4,H,750
0.02677,0.26566,1,0.0,4,H,750
0.027013,0.26648,1,0.0,4,H,750
0.0272,0.26734,1,0.0,4,H,750
0.027298,0.26792,1,0.0,4,H,750
0.027256,0.2684,1,0.0,4,H,750
0.02732,0.26885,1,0.0,4,H,750
0.027593,0.26907,1,0.0,4,H,750
0.02778,0.26918,1,0.0,4,H,750
0.027679,0.26931,1,0.0,4,H,750
0.027545,0.2692,1,0.0,4,H,750
0.027814,0.26882,1,0.0,4,H,750
0.027769,0.26839,1,0.0,4,H,750
0.027736,0.26783,1,0.0,4,H,750
0.027788,0.26711,1,0.0,4,H,750
0.027496,0.26619,1,0.0,4,H,750
0.027612,0.26494,1,0.0,4,H,750
0.027526,0.26331,1,0.0,4,H,750
0.027211,0.26136,1,0.0,4,H,750
0.027118,0.25941,1,0.0,4,H,750
0.026889,0.25706,1,0.0,4,H,750
0.026523,0.25432,1,0.0,4,H,750
0.026208,0.25177,1,0.0,4,H,750
0.02607,0.24893,1,0.0,4,H,750
0.02574,0.24589,1,0.0,4,H,750
0.025242,0.24266,1,0.0,4,H,750
0.024816,0.23899,1,0.0,4,H,750
0.024501,0.23528,1,0.0,4,H,750
0.023988,0.23127,1,0.0,4,H,750
0.023509,0.22688,1,0.0,4,H,750
0.023142,0.22228,1,0.0,4,H,750
0.022532,0.21755,1,0.0,4,H,750
0.021933,0.21252,1,0.0,4,H,750
0.021319,0.20724,1,0.0,4,H,750
0.020855,0.20168,1,0.0,4,H,750
0.02026,0.19584,1,0.0,4,H,750
0.019552,0.19007,1,0.0,4,H,750
0.018994,0.18402,1,0.0,4,H,750
0.018294,0.17771,1,0.0,4,H,750
0.017703,0.17134,1,0.0,4,H,750
0.017003,0.16494,1,0.0,4,H,750
0.01625,0.1584,1,0.0,4,H,750
0.015539,0.15166,1,0.0,4,H,750
0.01473,0.14491,1,0.0,4,H,750
0.014191,0.13806,1,0.0,4,H,750
0.013487,0.13145,1,0.0,4,H,750
0.012596,0.12486,1,0.0,4,H,750
0.011919,0.1181,1,0.0,4,H,750
0.011383,0.11143,1,0.0,4,H,750
0.010773,0.10483,1,0.0,4,H,750
0.010013,0.098254,1,0.0,4,H,750
0.0093357,0.091793,1,0.0,4,H,750
0.0085084,0.085493,1,0.0,4,H,750
0.0078757,0.079129,1,0.0,4,H,750
0.0072318,0.072877,1,0.0,4,H,750
0.0064943,0.06676,1,0.0,4,H,750
0.006105,0.060582,1,0.0,4,H,750
0.0054349,0.054656,1,0.0,4,H,750
0.0049108,0.04886,1,0.0,4,H,750
0.0043717,0.043064,1,0.0,4,H,750
0.0036679,0.037346,1,0.0,4,H,750
0.0032449,0.0317,1,0.0,4,H,750
0.0026496,0.026244,1,0.0,4,H,750
0.0020656,0.020964,1,0.0,4,H,750
0.0016276,0.015635,1,0.0,4,H,750
0.0013207,0.010291,1,0.0,4,H,750
0.0006019,0.005067,1,0.0,4,H,750
-0.00010939,-0.00034033,1,0.0,4,H,750
-0.00046878,-0.0057439,1,0.0,4,H,750
-0.0012587,-0.011204,1,0.0,4,H,750
-0.0015956,-0.016842,1,0.0,4,H,750
-0.0019363,-0.022261,1,0.0,4,H,750
-0.0025951,-0.027773,1,0.0,4,H,750
-0.0030257,-0.033378,1,0.0,4,H,750
-0.0037295,-0.038999,1,0.0,4,H,750
-0.0042461,-0.044813,1,0.0,4,H,750
-0.004699,-0.05049,1,0.0,4,H,750
-0.0052718,-0.056263,1,0.0,4,H,750
-0.0059719,-0.06253,1,0.0,4,H,750
-0.0067356,-0.06867,1,0.0,4,H,750
-0.0072597,-0.074738,1,0.0,4,H,750
-0.0079747,-0.081293,1,0.0,4,H,750
-0.0086785,-0.087896,1,0.0,4,H,750
-0.0093187,-0.094675,1,0.0,4,H,750
-0.010037,-0.10152,1,0.0,4,H,750
-0.010663,-0.10827,1,0.0,4,H,750
-0.011456,-0.11547,1,0.0,4,H,750
-0.012212,-0.12284,1,0.0,4,H,750
-0.012853,-0.13021,1,0.0,4,H,750
-0.013601,-0.1375,1,0.0,4,H,750
-0.014474,-0.14479,1,0.0,4,H,750
-0.015402,-0.15208,1,0.0,4,H,750
-0.015956,-0.15903,1,0.0,4,H,750
-0.01648,-0.16597,1,0.0,4,H,750
-0.017341,-0.17266,1,0.0,4,H,750
-0.018026,-0.17908,1,0.0,4,H,750
-0.018678,-0.18543,1,0.0,4,H,750
-0.019378,-0.1912,1,0.0,4,H,750
-0.019965,-0.1967,1,0.0,4,H,750
-0.020471,-0.20216,1,0.0,4,H,750
-0.02092,-0.2071,1,0.0,4,H,750
-0.021628,-0.21189,1,0.0,4,H,750
-0.022294,-0.21637,1,0.0,4,H,750
-0.02268,-0.22006,1,0.0,4,H,750
-0.023002,-0.22377,1,0.0,4,H,750
-0.023267,-0.22741,1,0.0,4,H,750
-0.023645,-0.23065,1,0.0,4,H,750
-0.024016,-0.23368,1,0.0,4,H,750
-0.024293,-0.23625,1,0.0,4,H,750
-0.024652,-0.23889,1,0.0,4,H,750
-0.024974,-0.24141,1,0.0,4,H,750
-0.025218,-0.2434,1,0.0,4,H,750
-0.025446,-0.24561,1,0.0,4,H,750
-0.025701,-0.24771,1,0.0,4,H,750
-0.026034,-0.24949,1,0.0,4,H,750
-0.026273,-0.25146,1,0.0,4,H,750
-0.026483,-0.25307,1,0.0,4,H,750
-0.026779,-0.25466,1,0.0,4,H,750
-0.026827,-0.2563,1,0.0,4,H,750
-0.026951,-0.25754,1,0.0,4,H,750
-0.027318,-0.25873,1,0.0,4,H,750
-0.027397,-0.25975,1,0.0,4,H,750
-0.027505,-0.26075,1,0.0,4,H,750
-0.02773,-0.26166,1,0.0,4,H,750
-0.027707,-0.26254,1,0.0,4,H,750
-0.027842,-0.26331,1,0.0,4,H,750
-0.028265,-0.26407,1,0.0,4,H,750
-0.028377,-0.26509,1,0.0,4,H,750
-0.028396,-0.26594,1,0.0,4,H,750
-0.028613,-0.26679,1,0.0,4,H,750
-0.028774,-0.26772,1,0.0,4,H,750
-0.02892,-0.26849,1,0.0,4,H,750
-0.02898,-0.26901,1,0.0,4,H,750
-0.029141,-0.26961,1,0.0,4,H,750
-0.029268,-0.27002,1,0.0,4,H,750
-0.029336,-0.27009,1,0.0,4,H,750
-0.029485,-0.27048,1,0.0,4,H,750
-0.029347,-0.27049,1,0.0,4,H,750
-0.029485,-0.27016,1,0.0,4,H,750
-0.029684,-0.26992,1,0.0,4,H,750
-0.029512,-0.26937,1,0.0,4,H,750
-0.029403,-0.26876,1,0.0,4,H,750
-0.029302,-0.26803,1,0.0,4,H,750
-0.029336,-0.2668,1,0.0,4,H,750
-0.029313,-0.26562,1,0.0,4,H,750
-0.028995,-0.26423,1,0.0,4,H,750
-0.028857,-0.26211,1,0.0,4,H,750
-0.028894,-0.25988,1,0.0,4,H,750
-0.028546,-0.25745,1,0.0,4,H,750
-0.02819,-0.25492,1,0.0,4,H,750
-0.027992,-0.25241,1,0.0,4,H,750
-0.02755,-0.24929,1,0.0,4,H,750
-0.027236,-0.24609,1,0.0,4,H,750
-0.027056,-0.24292,1,0.0,4,H,750
-0.026775,-0.23924,1,0.0,4,H,750
-0.026176,-0.2353,1,0.0,4,H,750
-0.025648,-0.23123,1,0.0,4,H,750
-0.025296,-0.22691,1,0.0,4,H,750
-0.024623,-0.22237,1,0.0,4,H,750
-0.024185,-0.21758,1,0.0,4,H,750
-0.023687,-0.21244,1,0.0,4,H,750
-0.02293,-0.20707,1,0.0,4,H,750
-0.022481,-0.20162,1,0.0,4,H,750
-0.021852,-0.19596,1,0.0,4,H,750
-0.021167,-0.18996,1,0.0,4,H,750
-0.020542,-0.18386,1,0.0,4,H,750
-0.019876,-0.17767,1,0.0,4,H,750
-0.019307,-0.1713,1,0.0,4,H,750
-0.018528,-0.16488,1,0.0,4,H,750
-0.017783,-0.15832,1,0.0,4,H,750
-0.017236,-0.15176,1,0.0,4,H,750
-0.016424,-0.14507,1,0.0,4,H,750
-0.015687,-0.13822,1,0.0,4,H,750
-0.0152,-0.1316,1,0.0,4,H,750
-0.014256,-0.12473,1,0.0,4,H,750
-0.013549,-0.11809,1,0.0,4,H,750
-0.013167,-0.11154,1,0.0,4,H,750
-0.012265,-0.10483,1,0.0,4,H,750
-0.011569,-0.098542,1,0.0,4,H,750
-0.010962,-0.092014,1,0.0,4,H,750
-0.010378,-0.08562,1,0.0,4,H,750
-0.0099513,-0.079559,1,0.0,4,H,750
-0.0090753,-0.073225,1,0.0,4,H,750
-0.0084202,-0.067037,1,0.0,4,H,750
-0.0080533,-0.061211,1,0.0,4,H,750
-0.0072709,-0.05528,1,0.0,4,H,750
-0.0065446,-0.049253,1,0.0,4,H,750
-0.0060692,-0.043588,1,0.0,4,H,750
-0.0055152,-0.037922,1,0.0,4,H,750
-0.0050135,-0.032235,1,0.0,4,H,750
-0.0044333,-0.026884,1,0.0,4,H,750
-0.0038081,-0.021577,1,0.0,4,H,750
-0.0033701,-0.016166,1,0.0,4,H,750
-0.002992,-0.010849,1,0.0,4,H,750
-0.0024154,-0.0056131,1,0.0,4,H,750
-0.001779,-0.00019833,1,0.0,4,H,750
-0.0014271,0.0053099,1,0.0,4,H,750
-0.00088432,0.01074,1,0.0,4,H,750
-0.00032277,0.016188,1,0.0,4,H,750
0.00027246,0.021681,1,0.0,4,H,750
0.0010661,0.027133,1,0.0,4,H,750
0.0014217,0.032761,1,0.0,4,H,750
0.0018672,0.038452,1,0.0,4,H,750
0.0025785,0.043964,1,0.0,4,H,750
0.0031401,0.049656,1,0.0,4,H,750
0.0036941,0.055425,1,0.0,4,H,750
0.0042294,0.061468,1,0.0,4,H,750
0.0048659,0.067701,1,0.0,4,H,750
0.0054985,0.073789,1,0.0,4,H,750
0.0060676,0.080205,1,0.0,4,H,750
0.0067714,0.086905,1,0.0,4,H,750
0.0074752,0.093512,1,0.0,4,H,750
0.0081191,0.10022,1,0.0,4,H,750
0.0088491,0.10716,1,0.0,4,H,750
0.0095716,0.11399,1,0.0,4,H,750
0.010144,0.12112,1,0.0,4,H,750
0.010949,0.12846,1,0.0,4,H,750
0.011788,0.13547,1,0.0,4,H,750
0.012499,0.14257,1,0.0,4,H,750
0.013341,0.14982,1,0.0,4,H,750
0.013933,0.15679,1,0.0,4,H,750
0.014614,0.16344,1,0.0,4,H,750
0.015412,0.17021,1,0.0,4,H,750
0.015966,0.17672,1,0.0,4,H,750
0.016643,0.18283,1,0.0,4,H,750
0.017306,0.189,1,0.0,4,H,750
0.017983,0.19466,1,0.0,4,H,750
0.018474,0.2,1,0.0,4,H,750
0.018927,0.20517,1,0.0,4,H,750
0.019709,0.20981,1,0.0,4,H,750
0.020413,0.21446,1,0.0,4,H,750
0.020885,0.21863,1,0.0,4,H,750
0.021057,0.2222,1,0.0,4,H,750
0.021379,0.2258,1,0.0,4,H,750
0.021791,0.22905,1,0.0,4,H,750
0.022225,0.23205,1,0.0,4,H,750
0.022622,0.23474,1,0.0,4,H,750
0.022772,0.2373,1,0.0,4,H,750
0.023123,0.23992,1,0.0,4,H,750
0.023423,0.24211,1,0.0,4,H,750
0.023625,0.24424,1,0.0,4,H,750
0.023812,0.24636,1,0.0,4,H,750
0.024033,0.24828,1,0.0,4,H,750
0.024224,0.25005,1,0.0,4,H,750
0.024452,0.25187,1,0.0,4,H,750
0.024804,0.25351,1,0.0,4,H,750
0.024995,0.25501,1,0.0,4,H,750
0.025358,0.25638,1,0.0,4,H,750
0.025527,0.25751,1,0.0,4,H,750
0.025411,0.25883,1,0.0,4,H,750
0.025613,0.25967,1,0.0,4,H,750
0.025909,0.26067,1,0.0,4,H,750
0.026055,0.26167,1,0.0,4,H,750
0.026276,0.26218,1,0.0,4,H,750
0.026392,0.26328,1,0.0,4,H,750
0.02644,0.26417,1,0.0,4,H,750
0.026687,0.26512,1,0.0,4,H,750
0.026807,0.26612,1,0.0,4,H,750
0.027043,0.26681,1,0.0,4,H,750
0.02717,0.26777,1,0.0,4,H,750
0.027208,0.26843,1,0.0,4,H,750
0.027436,0.26905,1,0.0,4,H,750
0.027447,0.26954,1,0.0,4,H,750
0.02756,0.2698,1,0.0,4,H,750
0.027691,0.27008,1,0.0,4,H,750
0.027769,0.27001,1,0.0,4,H,750
0.027807,0.26988,1,0.0,4,H,750
0.027706,0.26964,1,0.0,4,H,750
0.027769,0.26917,1,0.0,4,H,750
0.027661,0.26852,1,0.0,4,H,750
0.027616,0.26779,1,0.0,4,H,750
0.027706,0.26675,1,0.0,4,H,750
0.027567,0.26538,1,0.0,4,H,750
0.027444,0.26396,1,0.0,4,H,750
0.02714,0.26193,1,0.0,4,H,750
0.026942,0.25971,1,0.0,4,H,750
0.026901,0.25761,1,0.0,4,H,750
0.026568,0.25507,1,0.0,4,H,750
0.026276,0.25231,1,0.0,4,H,750
0.025984,0.24937,1,0.0,4,H,750
0.025553,0.24619,1,0.0,4,H,750
0.025123,0.24287,1,0.0,4,H,750
0.024849,0.23944,1,0.0,4,H,750
0.024434,0.23561,1,0.0,4,H,750
0.023857,0.2315,1,0.0,4,H,750
0.02358,0.22731,1,0.0,4,H,750
0.023082,0.22267,1,0.0,4,H,750
0.022431,0.21808,1,0.0,4,H,750
0.022068,0.21313,1,0.0,4,H,750
0.021574,0.20755,1,0.0,4,H,750
0.020874,0.20217,1,0.0,4,H,750
0.020331,0.1964,1,0.0,4,H,750
0.019657,0.19045,1,0.0,4,H,750
0.018882,0.18449,1,0.0,4,H,750
0.018373,0.17812,1,0.0,4,H,750
0.017673,0.17181,1,0.0,4,H,750
0.016976,0.16537,1,0.0,4,H,750
0.016273,0.15874,1,0.0,4,H,750
0.015505,0.15217,1,0.0,4,H,750
0.01494,0.14532,1,0.0,4,H,750
0.014191,0.13836,1,0.0,4,H,750
0.013514,0.13165,1,0.0,4,H,750
0.012772,0.12484,1,0.0,4,H,750
0.0119,0.11796,1,0.0,4,H,750
0.011455,0.11143,1,0.0,4,H,750
0.010695,0.10481,1,0.0,4,H,750
0.0098523,0.098086,1,0.0,4,H,750
0.0095042,0.091726,1,0.0,4,H,750
0.0087592,0.085418,1,0.0,4,H,750
0.0078944,0.079017,1,0.0,4,H,750
0.0073741,0.072787,1,0.0,4,H,750
0.0067901,0.066715,1,0.0,4,H,750
0.0061611,0.060713,1,0.0,4,H,750
0.0054836,0.05476,1,0.0,4,H,750
0.0047311,0.048923,1,0.0,4,H,750
0.0042332,0.04315,1,0.0,4,H,750
0.0037128,0.037316,1,0.0,4,H,750
0.0031401,0.031663,1,0.0,4,H,750
0.0026347,0.026322,1,0.0,4,H,750
0.0021143,0.020934,1,0.0,4,H,750
0.001725,0.015627,1,0.0,4,H,750
0.0012158,0.010467,1,0.0,4,H,750
0.00061313,0.005138,1,0.0,4,H,750
-3.0774e-05,-0.00023196,1,0.0,4,H,750
-0.00043134,-0.0056804,1,0.0,4,H,750
-0.00096667,-0.010983,1,0.0,4,H,750
-0.001648,-0.016435,1,0.0,4,H,750
-0.0019962,-0.022134,1,0.0,4,H,750
-0.0026288,-0.027448,1,0.0,4,H,750
-0.0030331,-0.033143,1,0.0,4,H,750
-0.0035685,-0.038875,1,0.0,4,H,750
-0.0043996,-0.044268,1,0.0,4,H,750
-0.0047889,-0.050187,1,0.0,4,H,750
-0.0053879,-0.05611,1,0.0,4,H,750
-0.006043,-0.062134,1,0.0,4,H,750
-0.0066045,-0.068266,1,0.0,4,H,750
-0.0072672,-0.074391,1,0.0,4,H,750
-0.0077501,-0.080912,1,0.0,4,H,750
-0.0083977,-0.087369,1,0.0,4,H,750
-0.0091652,-0.094125,1,0.0,4,H,750
-0.0099925,-0.10107,1,0.0,4,H,750
-0.010805,-0.10814,1,0.0,4,H,750
-0.011295,-0.11548,1,0.0,4,H,750
-0.01204,-0.12236,1,0.0,4,H,750
-0.012811,-0.12951,1,0.0,4,H,750
-0.01347,-0.13707,1,0.0,4,H,750
-0.014459,-0.14421,1,0.0,4,H,750
-0.01523,-0.15128,1,0.0,4,H,750
-0.015866,-0.1584,1,0.0,4,H,750
-0.016682,-0.16531,1,0.0,4,H,750
-0.017386,-0.17213,1,0.0,4,H,750
-0.017936,-0.17861,1,0.0,4,H,750
-0.01864,-0.18472,1,0.0,4,H,750
-0.019318,-0.19081,1,0.0,4,H,750
-0.019763,-0.19656,1,0.0,4,H,750
-0.020306,-0.20196,1,0.0,4,H,750
-0.02092,-0.20695,1,0.0,4,H,750
-0.021736,-0.21168,1,0.0,4,H,750
-0.022257,-0.21625,1,0.0,4,H,750
-0.022354,-0.22006,1,0.0,4,H,750
-0.022998,-0.22371,1,0.0,4,H,750
-0.023462,-0.22736,1,0.0,4,H,750
-0.023612,-0.23038,1,0.0,4,H,750
-0.02411,-0.23329,1,0.0,4,H,750
-0.024263,-0.23607,1,0.0,4,H,750
-0.024536,-0.23854,1,0.0,4,H,750
-0.024959,-0.241,1,0.0,4,H,750
-0.025057,-0.24323,1,0.0,4,H,750
-0.025427,-0.24534,1,0.0,4,H,750
-0.025772,-0.24742,1,0.0,4,H,750
-0.025907,-0.24915,1,0.0,4,H,750
-0.026169,-0.25088,1,0.0,4,H,750
-0.026431,-0.25263,1,0.0,4,H,750
-0.026558,-0.25406,1,0.0,4,H,750
-0.026749,-0.2552,1,0.0,4,H,750
-0.026955,-0.25655,1,0.0,4,H,750
-0.027045,-0.25788,1,0.0,4,H,750
-0.027194,-0.2589,1,0.0,4,H,750
-0.027498,-0.25981,1,0.0,4,H,750
-0.02779,-0.26063,1,0.0,4,H,750
-0.027771,-0.2616,1,0.0,4,H,750
-0.027838,-0.26245,1,0.0,4,H,750
-0.028089,-0.26326,1,0.0,4,H,750
-0.028138,-0.26406,1,0.0,4,H,750
-0.028269,-0.26479,1,0.0,4,H,750
-0.028628,-0.26577,1,0.0,4,H,750
-0.028692,-0.26662,1,0.0,4,H,750
-0.028755,-0.26741,1,0.0,4,H,750
-0.029014,-0.26809,1,0.0,4,H,750
-0.029081,-0.26869,1,0.0,4,H,750
-0.029193,-0.2692,1,0.0,4,H,750
-0.02922,-0.26935,1,0.0,4,H,750
-0.029336,-0.26954,1,0.0,4,H,750
-0.029515,-0.26957,1,0.0,4,H,750
-0.029515,-0.26935,1,0.0,4,H,750
-0.029441,-0.26904,1,0.0,4,H,750
-0.029287,-0.26864,1,0.0,4,H,750
-0.029407,-0.26785,1,0.0,4,H,750
-0.029448,-0.26685,1,0.0,4,H,750
-0.029235,-0.26606,1,0.0,4,H,750
-0.029122,-0.26462,1,0.0,4,H,750
-0.029077,-0.2629,1,0.0,4,H,750
-0.028871,-0.26121,1,0.0,4,H,750
-0.028583,-0.25896,1,0.0,4,H,750
-0.02834,-0.25662,1,0.0,4,H,750
-0.028078,-0.25406,1,0.0,4,H,750
-0.027868,-0.25128,1,0.0,4,H,750
-0.027475,-0.24839,1,0.0,4,H,750
-0.027172,-0.24511,1,0.0,4,H,750
-0.026865,-0.24189,1,0.0,4,H,750
-0.026386,-0.23848,1,0.0,4,H,750
-0.026008,-0.2346,1,0.0,4,H,750
-0.025525,-0.2306,1,0.0,4,H,750
-0.025139,-0.22627,1,0.0,4,H,750
-0.024679,-0.22177,1,0.0,4,H,750
-0.024128,-0.21706,1,0.0,4,H,750
-0.023608,-0.21209,1,0.0,4,H,750
-0.023054,-0.20686,1,0.0,4,H,750
-0.02262,-0.20114,1,0.0,4,H,750
-0.021845,-0.19558,1,0.0,4,H,750
-0.021197,-0.18972,1,0.0,4,H,750
-0.020613,-0.18352,1,0.0,4,H,750
-0.019831,-0.17745,1,0.0,4,H,750
-0.019292,-0.17112,1,0.0,4,H,750
-0.018595,-0.16473,1,0.0,4,H,750
-0.017951,-0.15815,1,0.0,4,H,750
-0.017173,-0.15155,1,0.0,4,H,750
-0.016353,-0.14489,1,0.0,4,H,750
-0.015735,-0.13808,1,0.0,4,H,750
-0.015043,-0.13133,1,0.0,4,H,750
-0.014429,-0.12451,1,0.0,4,H,750
-0.013646,-0.11791,1,0.0,4,H,750
-0.013006,-0.11131,1,0.0,4,H,750
-0.012212,-0.10451,1,0.0,4,H,750
-0.011419,-0.09818,1,0.0,4,H,750
-0.010932,-0.091965,1,0.0,4,H,750
-0.010139,-0.085403,1,0.0,4,H,750
-0.0097829,-0.079294,1,0.0,4,H,750
-0.0091727,-0.073259,1,0.0,4,H,750
-0.0082068,-0.06713,1,0.0,4,H,750
-0.0078811,-0.061129,1,0.0,4,H,750
-0.0072222,-0.05509,1,0.0,4,H,750
-0.0065372,-0.049402,1,0.0,4,H,750
-0.0060467,-0.043539,1,0.0,4,H,750
-0.0054253,-0.037922,1,0.0,4,H,750
-0.0049461,-0.032511,1,0.0,4,H,750
-0.0043696,-0.026723,1,0.0,4,H,750
-0.0039129,-0.021469,1,0.0,4,H,750
-0.0033738,-0.016282,1,0.0,4,H,750
-0.0028198,-0.010856,1,0.0,4,H,750
-0.0023031,-0.0056579,1,0.0,4,H,750
-0.001678,-0.00040012,1,0.0,4,H,750
-0.0013485,0.0049063,1,0.0,4,H,750
-0.00085437,0.010355,1,0.0,4,H,750
-0.00025165,0.015822,1,0.0,4,H,750
0.00030615,0.021158,1,0.0,4,H,750
0.00088267,0.026644,1,0.0,4,H,750
0.0013132,0.032253,1,0.0,4,H,750
0.0018148,0.037799,1,0.0,4,H,750
0.0023801,0.043344,1,0.0,4,H,750
0.0029791,0.049091,1,0.0,4,H,750
0.0035144,0.054955,1,0.0,4,H,750
0.004076,0.060866,1,0.0,4,H,750
0.0047049,0.06686,1,0.0,4,H,750
0.0054461,0.072955,1,0.0,4,H,750
0.0061237,0.079293,1,0.0,4,H,750
0.006689,0.085795,1,0.0,4,H,750
0.0074415,0.09223,1,0.0,4,H,750
0.0079993,0.099065,1,0.0,4,H,750
0.008617,0.10604,1,0.0,4,H,750
0.0095117,0.11299,1,0.0,4,H,750
0.010204,0.12027,1,0.0,4,H,750
0.010953,0.12723,1,0.0,4,H,750
0.011694,0.13427,1,0.0,4,H,750
0.012364,0.14134,1,0.0,4,H,750
0.013143,0.14839,1,0.0,4,H,750
0.013764,0.15538,1,0.0,4,H,750
0.014588,0.162,1,0.0,4,H,750
0.015367,0.16872,1,0.0,4,H,750
0.015861,0.17514,1,0.0,4,H,750
0.016565,0.18152,1,0.0,4,H,750
0.017257,0.18764,1,0.0,4,H,750
0.017886,0.19316,1,0.0,4,H,750
0.018324,0.19874,1,0.0,4,H,750
0.018852,0.20403,1,0.0,4,H,750
0.019657,0.20887,1,0.0,4,H,750
0.020297,0.21326,1,0.0,4,H,750
0.02069,0.21723,1,0.0,4,H,750
0.020866,0.22097,1,0.0,4,H,750
0.021312,0.22433,1,0.0,4,H,750
0.021753,0.22746,1,0.0,4,H,750
0.022023,0.23041,1,0.0,4,H,750
0.022446,0.23326,1,0.0,4,H,750
0.022607,0.23594,1,0.0,4,H,750
0.022824,0.2382,1,0.0,4,H,750
0.02321,0.24044,1,0.0,4,H,750
0.02346,0.2427,1,0.0,4,H,750
0.023715,0.24471,1,0.0,4,H,750
0.023958,0.24647,1,0.0,4,H,750
0.024157,0.2482,1,0.0,4,H,750
0.02428,0.2498,1,0.0,4,H,750
0.024505,0.25126,1,0.0,4,H,750
0.024718,0.25285,1,0.0,4,H,750
0.024774,0.25413,1,0.0,4,H,750
0.025078,0.25532,1,0.0,4,H,750
0.025291,0.2565,1,0.0,4,H,750
0.025306,0.25742,1,0.0,4,H,750
0.025572,0.2583,1,0.0,4,H,750
0.025733,0.25913,1,0.0,4,H,750
0.025819,0.26014,1,0.0,4,H,750
0.026055,0.26115,1,0.0,4,H,750
0.026264,0.26196,1,0.0,4,H,750
0.026418,0.26272,1,0.0,4,H,750
0.026538,0.26372,1,0.0,4,H,750
0.026695,0.26474,1,0.0,4,H,750
0.026938,0.26544,1,0.0,4,H,750
0.027208,0.26625,1,0.0,4,H,750
0.027193,0.26697,1,0.0,4,H,750
0.027185,0.26724,1,0.0,4,H,750
0.027429,0.26757,1,0.0,4,H,750
0.027496,0.26794,1,0.0,4,H,750
0.027586,0.26798,1,0.0,4,H,750
0.027605,0.26772,1,0.0,4,H,750
0.027631,0.26744,1,0.0,4,H,750
0.027642,0.26694,1,0.0,4,H,750
0.02756,0.26628,1,0.0,4,H,750
0.027664,0.26558,1,0.0,4,H,750
0.027365,0.26432,1,0.0,4,H,750
0.027189,0.26296,1,0.0,4,H,750
0.027238,0.26148,1,0.0,4,H,750
0.027032,0.25961,1,0.0,4,H,750
0.026886,0.25772,1,0.0,4,H,750
0.026579,0.25541,1,0.0,4,H,750
0.026369,0.25275,1,0.0,4,H,750
0.026066,0.24997,1,0.0,4,H,750
0.025557,0.24704,1,0.0,4,H,750
0.025426,0.24394,1,0.0,4,H,750
0.02513,0.24059,1,0.0,4,H,750
0.024681,0.23714,1,0.0,4,H,750
0.024261,0.23363,1,0.0,4,H,750
0.023782,0.22976,1,0.0,4,H,750
0.023457,0.22548,1,0.0,4,H,750
0.022947,0.22111,1,0.0,4,H,750
0.022405,0.21659,1,0.0,4,H,750
0.021731,0.2116,1,0.0,4,H,750
0.021229,0.20631,1,0.0,4,H,750
0.020757,0.20096,1,0.0,4,H,750
0.019949,0.19528,1,0.0,4,H,750
0.019481,0.18933,1,0.0,4,H,750
0.018803,0.18331,1,0.0,4,H,750
0.018193,0.17706,1,0.0,4,H,750
0.017572,0.17089,1,0.0,4,H,750
0.016662,0.1645,1,0.0,4,H,750
0.016179,0.15783,1,0.0,4,H,750
0.015573,0.15128,1,0.0,4,H,750
0.014846,0.14427,1,0.0,4,H,750
0.014094,0.13742,1,0.0,4,H,750
0.013274,0.1309,1,0.0,4,H,750
0.012518,0.12401,1,0.0,4,H,750
0.01169,0.11723,1,0.0,4,H,750
0.011148,0.11048,1,0.0,4,H,750
0.01056,0.10365,1,0.0,4,H,750
0.00974,0.09726,1,0.0,4,H,750
0.0092534,0.090952,1,0.0,4,H,750
0.0086282,0.084543,1,0.0,4,H,750
0.0077672,0.078254,1,0.0,4,H,750
0.007243,0.072189,1,0.0,4,H,750
0.0066403,0.066035,1,0.0,4,H,750
0.0058579,0.059884,1,0.0,4,H,750
0.005491,0.054147,1,0.0,4,H,750
0.0050193,0.048236,1,0.0,4,H,750
0.0041433,0.042481,1,0.0,4,H,750
0.0036791,0.037017,1,0.0,4,H,750
0.0032524,0.031393,1,0.0,4,H,750
0.0026272,0.025997,1,0.0,4,H,750
0.0020731,0.020728,1,0.0,4,H,750
0.0015228,0.015437,1,0.0,4,H,750
0.00099872,0.010138,1,0.0,4,H,750
0.00049707,0.0049848,1,0.0,4,H,750
0.00011523,-0.00012359,1,0.0,4,H,750
-0.00044257,-0.0055159,1,0.0,4,H,750
-0.00092924,-0.010964,1,0.0,4,H,750
-0.0013073,-0.016241,1,0.0,4,H,750
-0.0020411,-0.021547,1,0.0,4,H,750
-0.002554,-0.027104,1,0.0,4,H,750
-0.002962,-0.032623,1,0.0,4,H,750
-0.0036995,-0.038053,1,0.0,4,H,750
-0.0041937,-0.043793,1,0.0,4,H,750
-0.0047103,-0.049451,1,0.0,4,H,750
-0.0054141,-0.055239,1,0.0,4,H,750
-0.0060505,-0.061375,1,0.0,4,H,750
-0.0066045,-0.067253,1,0.0,4,H,750
-0.0070313,-0.073378,1,0.0,4,H,750
-0.00781,-0.079746,1,0.0,4,H,750
-0.00854,-0.08636,1,0.0,4,H,750
-0.0090828,-0.093221,1,0.0,4,H,750
-0.0097791,-0.099914,1,0.0,4,H,750
-0.010404,-0.10702,1,0.0,4,H,750
-0.011134,-0.11405,1,0.0,4,H,750
-0.012044,-0.12103,1,0.0,4,H,750
-0.012909,-0.12825,1,0.0,4,H,750
-0.013526,-0.1354,1,0.0,4,H,750
-0.014174,-0.14266,1,0.0,4,H,750
-0.014825,-0.14981,1,0.0,4,H,750
-0.015615,-0.15689,1,0.0,4,H,750
-0.016499,-0.16368,1,0.0,4,H,750
-0.017034,-0.17015,1,0.0,4,H,750
-0.017719,-0.17674,1,0.0,4,H,750
-0.018539,-0.18316,1,0.0,4,H,750
-0.019213,-0.18924,1,0.0,4,H,750
-0.019715,-0.19503,1,0.0,4,H,750
-0.020138,-0.20036,1,0.0,4,H,750
-0.020778,-0.20542,1,0.0,4,H,750
-0.021459,-0.21036,1,0.0,4,H,750
-0.022073,-0.2148,1,0.0,4,H,750
-0.022459,-0.21878,1,0.0,4,H,750
-0.022743,-0.22242,1,0.0,4,H,750
-0.023129,-0.22569,1,0.0,4,H,750
-0.023462,-0.2289,1,0.0,4,H,750
-0.023934,-0.23165,1,0.0,4,H,750
-0.024327,-0.23419,1,0.0,4,H,750
-0.024544,-0.23685,1,0.0,4,H,750
-0.024798,-0.23916,1,0.0,4,H,750
-0.024986,-0.24155,1,0.0,4,H,750
-0.02515,-0.24355,1,0.0,4,H,750
-0.025394,-0.24525,1,0.0,4,H,750
-0.025626,-0.24701,1,0.0,4,H,750
-0.025862,-0.24856,1,0.0,4,H,750
-0.026225,-0.25022,1,0.0,4,H,750
-0.026446,-0.25162,1,0.0,4,H,750
-0.026491,-0.25285,1,0.0,4,H,750
-0.026592,-0.25404,1,0.0,4,H,750
-0.02676,-0.25526,1,0.0,4,H,750
-0.026914,-0.25637,1,0.0,4,H,750
-0.027194,-0.25724,1,0.0,4,H,750
-0.027318,-0.25834,1,0.0,4,H,750
-0.027168,-0.25918,1,0.0,4,H,750
-0.027528,-0.25994,1,0.0,4,H,750
-0.027981,-0.26086,1,0.0,4,H,750
-0.027846,-0.26168,1,0.0,4,H,750
-0.027864,-0.26254,1,0.0,4,H,750
-0.028295,-0.26335,1,0.0,4,H,750
-0.028508,-0.26426,1,0.0,4,H,750
-0.028557,-0.2651,1,0.0,4,H,750
-0.028755,-0.26584,1,0.0,4,H,750
-0.028722,-0.26648,1,0.0,4,H,750
-0.028767,-0.26698,1,0.0,4,H,750
-0.029092,-0.26754,1,0.0,4,H,750
-0.0291,-0.26774,1,0.0,4,H,750
-0.0291,-0.26763,1,0.0,4,H,750
-0.02928,-0.2673,1,0.0,4,H,750
-0.029231,-0.26701,1,0.0,4,H,750
-0.029175,-0.26651,1,0.0,4,H,750
-0.029216,-0.26565,1,0.0,4,H,750
-0.02913,-0.26489,1,0.0,4,H,750
-0.029074,-0.26366,1,0.0,4,H,750
-0.029059,-0.26223,1,0.0,4,H,750
-0.028763,-0.26075,1,0.0,4,H,750
-0.028632,-0.25899,1,0.0,4,H,750
-0.028501,-0.25687,1,0.0,4,H,750
-0.028149,-0.25452,1,0.0,4,H,750
-0.028007,-0.25215,1,0.0,4,H,750
-0.027599,-0.24935,1,0.0,4,H,750
-0.027236,-0.24632,1,0.0,4,H,750
-0.026891,-0.24313,1,0.0,4,H,750
-0.026476,-0.23991,1,0.0,4,H,750
-0.026255,-0.23647,1,0.0,4,H,750
-0.025877,-0.23281,1,0.0,4,H,750
-0.025555,-0.22911,1,0.0,4,H,750
-0.025008,-0.22472,1,0.0,4,H,750
-0.02445,-0.22026,1,0.0,4,H,750
-0.023975,-0.2158,1,0.0,4,H,750
-0.023477,-0.2109,1,0.0,4,H,750
-0.023073,-0.2058,1,0.0,4,H,750
-0.022343,-0.2005,1,0.0,4,H,750
-0.021714,-0.19488,1,0.0,4,H,750
-0.021227,-0.18895,1,0.0,4,H,750
-0.020568,-0.18296,1,0.0,4,H,750
-0.019849,-0.17691,1,0.0,4,H,750
-0.019026,-0.17069,1,0.0,4,H,750
-0.018378,-0.16429,1,0.0,4,H,750
-0.017978,-0.15787,1,0.0,4,H,750
-0.017221,-0.15123,1,0.0,4,H,750
-0.016375,-0.14448,1,0.0,4,H,750
-0.015713,-0.13802,1,0.0,4,H,750
-0.014874,-0.13119,1,0.0,4,H,750
-0.014301,-0.12424,1,0.0,4,H,750
-0.013643,-0.11768,1,0.0,4,H,750
-0.012841,-0.11105,1,0.0,4,H,750
-0.01225,-0.10433,1,0.0,4,H,750
-0.01149,-0.097776,1,0.0,4,H,750
-0.010887,-0.091356,1,0.0,4,H,750
-0.010322,-0.08497,1,0.0,4,H,750
-0.0096406,-0.078744,1,0.0,4,H,750
-0.0090042,-0.072698,1,0.0,4,H,750
-0.0084127,-0.066704,1,0.0,4,H,750
-0.0077651,-0.060635,1,0.0,4,H,750
-0.0071212,-0.054802,1,0.0,4,H,750
-0.0065933,-0.049062,1,0.0,4,H,750
-0.0058483,-0.043188,1,0.0,4,H,750
-0.0053317,-0.037653,1,0.0,4,H,750
-0.0048563,-0.032239,1,0.0,4,H,750
-0.0042873,-0.026839,1,0.0,4,H,750
-0.0039878,-0.021297,1,0.0,4,H,750
-0.0032727,-0.015912,1,0.0,4,H,750
-0.0026738,-0.010905,1,0.0,4,H,750
-0.0025016,-0.0057327,1,0.0,4,H,750
-0.0018015,-0.0005197,1,0.0,4,H,750
-0.0012325,0.0045774,1,0.0,4,H,750
-0.0008057,0.0097605,1,0.0,4,H,750
-0.00012436,0.015145,1,0.0,4,H,750
0.00021256,0.020463,1,0.0,4,H,750
0.00065056,0.025904,1,0.0,4,H,750
0.0012046,0.03139,1,0.0,4,H,750
0.0018298,0.036763,1,0.0,4,H,750
0.0025111,0.042485,1,0.0,4,H,750
0.0029791,0.048307,1,0.0,4,H,750
0.0035257,0.054054,1,0.0,4,H,750
0.0040385,0.059865,1,0.0,4,H,750
0.0046113,0.065971,1,0.0,4,H,750
0.0052327,0.072152,1,0.0,4,H,750
0.0059141,0.078243,1,0.0,4,H,750
0.0066703,0.084768,1,0.0,4,H,750
0.0071944,0.091416,1,0.0,4,H,750
0.0080517,0.098,1,0.0,4,H,750
0.0087966,0.10483,1,0.0,4,H,750
0.0092346,0.11189,1,0.0,4,H,750
0.010043,0.11892,1,0.0,4,H,750
0.010799,0.12584,1,0.0,4,H,750
0.011548,0.13295,1,0.0,4,H,750
0.012155,0.14004,1,0.0,4,H,750
0.01284,0.14701,1,0.0,4,H,750
0.013656,0.15398,1,0.0,4,H,750
0.014262,0.16063,1,0.0,4,H,750
0.015071,0.16724,1,0.0,4,H,750
0.015778,0.1738,1,0.0,4,H,750
0.016523,0.17996,1,0.0,4,H,750
0.017246,0.18606,1,0.0,4,H,750
0.017673,0.1919,1,0.0,4,H,750
0.018129,0.19739,1,0.0,4,H,750
0.018904,0.2026,1,0.0,4,H,750
0.019593,0.20756,1,0.0,4,H,750
0.01999,0.21209,1,0.0,4,H,750
0.020608,0.21605,1,0.0,4,H,750
0.020855,0.21985,1,0.0,4,H,750
0.021151,0.22328,1,0.0,4,H,750
0.021772,0.22643,1,0.0,4,H,750
0.021963,0.22941,1,0.0,4,H,750
0.02215,0.23208,1,0.0,4,H,750
0.022427,0.23463,1,0.0,4,H,750
0.022798,0.23706,1,0.0,4,H,750
0.023172,0.23927,1,0.0,4,H,750
0.023509,0.24133,1,0.0,4,H,750
0.02367,0.24343,1,0.0,4,H,750
0.023674,0.24522,1,0.0,4,H,750
0.02394,0.24682,1,0.0,4,H,750
0.024134,0.24846,1,0.0,4,H,750
0.024392,0.24986,1,0.0,4,H,750
0.024595,0.25122,1,0.0,4,H,750
0.024733,0.25255,1,0.0,4,H,750
0.025033,0.25363,1,0.0,4,H,750
0.025182,0.25455,1,0.0,4,H,750
0.025358,0.25576,1,0.0,4,H,750
0.025519,0.25708,1,0.0,4,H,750
0.025669,0.25798,1,0.0,4,H,750
0.025811,0.25893,1,0.0,4,H,750
0.025991,0.26002,1,0.0,4,H,750
0.02635,0.26081,1,0.0,4,H,750
0.026466,0.26171,1,0.0,4,H,750
0.026478,0.26273,1,0.0,4,H,750
0.026687,0.26359,1,0.0,4,H,750
0.026766,0.26455,1,0.0,4,H,750
0.026826,0.2653,1,0.0,4,H,750
0.027069,0.2658,1,0.0,4,H,750
0.027271,0.26639,1,0.0,4,H,750
0.027219,0.26684,1,0.0,4,H,750
0.027316,0.26711,1,0.0,4,H,750
0.027545,0.2673,1,0.0,4,H,750
0.027391,0.26715,1,0.0,4,H,750
0.0275,0.26681,1,0.0,4,H,750
0.027563,0.26633,1,0.0,4,H,750
0.027473,0.26554,1,0.0,4,H,750
0.027563,0.26459,1,0.0,4,H,750
0.027384,0.26355,1,0.0,4,H,750
0.027286,0.26237,1,0.0,4,H,750
0.02708,0.26089,1,0.0,4,H,750
0.026897,0.25893,1,0.0,4,H,750
0.026751,0.25687,1,0.0,4,H,750
0.026526,0.25472,1,0.0,4,H,750
0.026287,0.2522,1,0.0,4,H,750
0.025912,0.2496,1,0.0,4,H,750
0.025718,0.24665,1,0.0,4,H,750
0.025283,0.2436,1,0.0,4,H,750
0.024954,0.24035,1,0.0,4,H,750
0.02467,0.23662,1,0.0,4,H,750
0.024258,0.23322,1,0.0,4,H,750
0.02391,0.2294,1,0.0,4,H,750
0.023329,0.22527,1,0.0,4,H,750
0.022903,0.22113,1,0.0,4,H,750
0.022307,0.21644,1,0.0,4,H,750
0.021888,0.2117,1,0.0,4,H,750
0.021465,0.20655,1,0.0,4,H,750
0.02075,0.20124,1,0.0,4,H,750
0.02026,0.19587,1,0.0,4,H,750
0.019507,0.18984,1,0.0,4,H,750
0.018946,0.18387,1,0.0,4,H,750
0.0185,0.17789,1,0.0,4,H,750
0.017673,0.1717,1,0.0,4,H,750
0.016842,0.16525,1,0.0,4,H,750
0.016254,0.15871,1,0.0,4,H,750
0.015561,0.15225,1,0.0,4,H,750
0.014768,0.1455,1,0.0,4,H,750
0.01415,0.13874,1,0.0,4,H,750
0.013364,0.13174,1,0.0,4,H,750
0.012623,0.12494,1,0.0,4,H,750
0.011915,0.11827,1,0.0,4,H,750
0.011297,0.11128,1,0.0,4,H,750
0.010515,0.10481,1,0.0,4,H,750
0.0098598,0.098235,1,0.0,4,H,750
0.0094405,0.091494,1,0.0,4,H,750
0.0084784,0.085238,1,0.0,4,H,750
0.007842,0.079002,1,0.0,4,H,750
0.0073366,0.072877,1,0.0,4,H,750
0.0066328,0.066651,1,0.0,4,H,750
0.0061686,0.06062,1,0.0,4,H,750
0.0055172,0.054925,1,0.0,4,H,750
0.0048509,0.048938,1,0.0,4,H,750
0.0043343,0.043139,1,0.0,4,H,750
0.0037989,0.037597,1,0.0,4,H,750
0.0032486,0.032014,1,0.0,4,H,750
0.002601,0.026577,1,0.0,4,H,750
0.0020507,0.021225,1,0.0,4,H,750
0.001594,0.01584,1,0.0,4,H,750
0.00098,0.010429,1,0.0,4,H,750
0.00056446,0.0052874,1,0.0,4,H,750
0.00017887,0.00014173,1,0.0,4,H,750
-0.00034898,-0.0052095,1,0.0,4,H,750
-0.00086934,-0.0104,1,0.0,4,H,750
-0.0014608,-0.015729,1,0.0,4,H,750
-0.0019288,-0.021207,1,0.0,4,H,750
-0.0024753,-0.026603,1,0.0,4,H,750
-0.0030257,-0.032052,1,0.0,4,H,750
-0.0035797,-0.037691,1,0.0,4,H,750
-0.0042199,-0.043472,1,0.0,4,H,750
-0.004598,-0.049264,1,0.0,4,H,750
-0.0051595,-0.055232,1,0.0,4,H,750
-0.0059644,-0.061256,1,0.0,4,H,750
-0.0065634,-0.06722,1,0.0,4,H,750
-0.0072147,-0.07355,1,0.0,4,H,750
-0.007825,-0.080119,1,0.0,4,H,750
-0.0083977,-0.08664,1,0.0,4,H,750
-0.0091128,-0.093221,1,0.0,4,H,750
-0.0098053,-0.099989,1,0.0,4,H,750
-0.010483,-0.10697,1,0.0,4,H,750
-0.01122,-0.11401,1,0.0,4,H,750
-0.012029,-0.12117,1,0.0,4,H,750
-0.012725,-0.12836,1,0.0,4,H,750
-0.013526,-0.13556,1,0.0,4,H,750
-0.014253,-0.14266,1,0.0,4,H,750
-0.014811,-0.14967,1,0.0,4,H,750
-0.015638,-0.15667,1,0.0,4,H,750
-0.016409,-0.16337,1,0.0,4,H,750
-0.01712,-0.17007,1,0.0,4,H,750
-0.017727,-0.17664,1,0.0,4,H,750
-0.018288,-0.18285,1,0.0,4,H,750
-0.018992,-0.18885,1,0.0,4,H,750
-0.019636,-0.19478,1,0.0,4,H,750
-0.020261,-0.20028,1,0.0,4,H,750
-0.020815,-0.2052,1,0.0,4,H,750
-0.02144,-0.21038,1,0.0,4,H,750
-0.022039,-0.21507,1,0.0,4,H,750
-0.022564,-0.21889,1,0.0,4,H,750
-0.022912,-0.2226,1,0.0,4,H,750
-0.023219,-0.22597,1,0.0,4,H,750
-0.023728,-0.22912,1,0.0,4,H,750
-0.023863,-0.23192,1,0.0,4,H,750
-0.024087,-0.23453,1,0.0,4,H,750
-0.024589,-0.23711,1,0.0,4,H,750
-0.024798,-0.23949,1,0.0,4,H,750
-0.025072,-0.24179,1,0.0,4,H,750
-0.025356,-0.24381,1,0.0,4,H,750
-0.025585,-0.24581,1,0.0,4,H,750
-0.025899,-0.24764,1,0.0,4,H,750
-0.026019,-0.24922,1,0.0,4,H,750
-0.02606,-0.25081,1,0.0,4,H,750
-0.026315,-0.25224,1,0.0,4,H,750
-0.02661,-0.25355,1,0.0,4,H,750
-0.02679,-0.25462,1,0.0,4,H,750
-0.026914,-0.25586,1,0.0,4,H,750
-0.027007,-0.25709,1,0.0,4,H,750
-0.027172,-0.25791,1,0.0,4,H,750
-0.027486,-0.25894,1,0.0,4,H,750
-0.02758,-0.25998,1,0.0,4,H,750
-0.027621,-0.26077,1,0.0,4,H,750
-0.027864,-0.26168,1,0.0,4,H,750
-0.028052,-0.26276,1,0.0,4,H,750
-0.028224,-0.2638,1,0.0,4,H,750
-0.028284,-0.26459,1,0.0,4,H,750
-0.028486,-0.26535,1,0.0,4,H,750
-0.028722,-0.26613,1,0.0,4,H,750
-0.028759,-0.26683,1,0.0,4,H,750
-0.02898,-0.26763,1,0.0,4,H,750
-0.028976,-0.26812,1,0.0,4,H,750
-0.029081,-0.26838,1,0.0,4,H,750
-0.029354,-0.26887,1,0.0,4,H,750
-0.029272,-0.26897,1,0.0,4,H,750
-0.029283,-0.26874,1,0.0,4,H,750
-0.029298,-0.26852,1,0.0,4,H,750
-0.029396,-0.26795,1,0.0,4,H,750
-0.029381,-0.26711,1,0.0,4,H,750
-0.029156,-0.26619,1,0.0,4,H,750
-0.029171,-0.2652,1,0.0,4,H,750
-0.029104,-0.26373,1,0.0,4,H,750
-0.028961,-0.26202,1,0.0,4,H,750
-0.028808,-0.26021,1,0.0,4,H,750
-0.028602,-0.2579,1,0.0,4,H,750
-0.028374,-0.25567,1,0.0,4,H,750
-0.028007,-0.25334,1,0.0,4,H,750
-0.027681,-0.25043,1,0.0,4,H,750
-0.027468,-0.2473,1,0.0,4,H,750
-0.027161,-0.24415,1,0.0,4,H,750
-0.026768,-0.24091,1,0.0,4,H,750
-0.026427,-0.23733,1,0.0,4,H,750
-0.026026,-0.23343,1,0.0,4,H,750
-0.025573,-0.22961,1,0.0,4,H,750
-0.025031,-0.22554,1,0.0,4,H,750
-0.024551,-0.22102,1,0.0,4,H,750
-0.024102,-0.21637,1,0.0,4,H,750
-0.023544,-0.21163,1,0.0,4,H,750
-0.023065,-0.20661,1,0.0,4,H,750
-0.022339,-0.20111,1,0.0,4,H,750
-0.02159,-0.19555,1,0.0,4,H,750
-0.021092,-0.1896,1,0.0,4,H,750
-0.020553,-0.18346,1,0.0,4,H,750
-0.019763,-0.1774,1,0.0,4,H,750
-0.019026,-0.17096,1,0.0,4,H,750
-0.018502,-0.16454,1,0.0,4,H,750
-0.017835,-0.15797,1,0.0,4,H,750
-0.017236,-0.15141,1,0.0,4,H,750
-0.016626,-0.14495,1,0.0,4,H,750
-0.01581,-0.1381,1,0.0,4,H,750
-0.015031,-0.13135,1,0.0,4,H,750
-0.014294,-0.12457,1,0.0,4,H,750
-0.013586,-0.11765,1,0.0,4,H,750
-0.013107,-0.11111,1,0.0,4,H,750
-0.012407,-0.10457,1,0.0,4,H,750
-0.01158,-0.098008,1,0.0,4,H,750
-0.011097,-0.091573,1,0.0,4,H,750
-0.010431,-0.085303,1,0.0,4,H,750
-0.0096855,-0.079099,1,0.0,4,H,750
-0.0089668,-0.072799,1,0.0,4,H,750
-0.0083079,-0.06685,1,0.0,4,H,750
-0.007825,-0.06083,1,0.0,4,H,750
-0.0072484,-0.055034,1,0.0,4,H,750
-0.0066906,-0.049439,1,0.0,4,H,750
-0.0059419,-0.043431,1,0.0,4,H,750
-0.0052643,-0.037821,1,0.0,4,H,750
-0.0049424,-0.032287,1,0.0,4,H,750
-0.0043209,-0.026786,1,0.0,4,H,750
-0.0038043,-0.02148,1,0.0,4,H,750
-0.0034824,-0.016061,1,0.0,4,H,750
-0.0028385,-0.010901,1,0.0,4,H,750
-0.0021983,-0.0055197,1,0.0,4,H,750
-0.0017004,1.4676e-05,1,0.0,4,H,750
-0.0013111,0.0051641,1,0.0,4,H,750
-0.00078698,0.010482,1,0.0,4,H,750
-7.5697e-05,0.016005,1,0.0,4,H,750
0.00044841,0.021408,1,0.0,4,H,750
0.00067677,0.026876,1,0.0,4,H,750
0.0012271,0.032518,1,0.0,4,H,750
0.0019309,0.038266,1,0.0,4,H,750
0.00244,0.043994,1,0.0,4,H,750
0.0031251,0.049786,1,0.0,4,H,750
0.0036192,0.055769,1,0.0,4,H,750
0.0042482,0.061939,1,0.0,4,H,750
0.0049744,0.067907,1,0.0,4,H,750
0.0054461,0.07411,1,0.0,4,H,750
0.0060451,0.080665,1,0.0,4,H,750
0.0067863,0.086954,1,0.0,4,H,750
0.0076548,0.093673,1,0.0,4,H,750
0.0082201,0.10046,1,0.0,4,H,750
0.0088378,0.10725,1,0.0,4,H,750
0.0097101,0.11427,1,0.0,4,H,750
0.010358,0.12113,1,0.0,4,H,750
0.011062,0.12838,1,0.0,4,H,750
0.011795,0.13542,1,0.0,4,H,750
0.012435,0.14249,1,0.0,4,H,750
0.013102,0.14959,1,0.0,4,H,750
0.013907,0.15622,1,0.0,4,H,750
0.014715,0.16294,1,0.0,4,H,750
0.015296,0.16955,1,0.0,4,H,750
0.015984,0.17614,1,0.0,4,H,750
0.016699,0.1823,1,0.0,4,H,750
0.017268,0.18818,1,0.0,4,H,750
0.017886,0.19418,1,0.0,4,H,750
0.018496,0.19964,1,0.0,4,H,750
0.019043,0.20486,1,0.0,4,H,750
0.019619,0.2099,1,0.0,4,H,750
0.020271,0.21445,1,0.0,4,H,750
0.020709,0.21865,1,0.0,4,H,750
0.021005,0.22256,1,0.0,4,H,750
0.021551,0.22581,1,0.0,4,H,750
0.021974,0.2289,1,0.0,4,H,750
0.022206,0.23197,1,0.0,4,H,750
0.022551,0.2346,1,0.0,4,H,750
0.022753,0.23717,1,0.0,4,H,750
0.023037,0.23953,1,0.0,4,H,750
0.023314,0.24183,1,0.0,4,H,750
0.02358,0.24388,1,0.0,4,H,750
0.02388,0.24583,1,0.0,4,H,750
0.023951,0.2478,1,0.0,4,H,750
0.024187,0.24937,1,0.0,4,H,750
0.024456,0.25106,1,0.0,4,H,750
0.024756,0.25255,1,0.0,4,H,750
0.024995,0.25375,1,0.0,4,H,750
0.025179,0.25496,1,0.0,4,H,750
0.025235,0.25621,1,0.0,4,H,750
0.025287,0.25717,1,0.0,4,H,750
0.025594,0.25802,1,0.0,4,H,750
0.025575,0.2591,1,0.0,4,H,750
0.025916,0.26013,1,0.0,4,H,750
0.026272,0.26131,1,0.0,4,H,750
0.026399,0.26231,1,0.0,4,H,750
0.026579,0.26323,1,0.0,4,H,750
0.026463,0.26437,1,0.0,4,H,750
0.02674,0.26545,1,0.0,4,H,750
0.027002,0.26625,1,0.0,4,H,750
0.027189,0.26692,1,0.0,4,H,750
0.02729,0.26778,1,0.0,4,H,750
0.027215,0.2685,1,0.0,4,H,750
0.027421,0.26899,1,0.0,4,H,750
0.027406,0.26942,1,0.0,4,H,750
0.027556,0.2697,1,0.0,4,H,750
0.027934,0.26983,1,0.0,4,H,750
0.027837,0.26976,1,0.0,4,H,750
0.027788,0.2694,1,0.0,4,H,750
0.027855,0.26897,1,0.0,4,H,750
0.027653,0.26825,1,0.0,4,H,750
0.027616,0.26729,1,0.0,4,H,750
0.02756,0.26619,1,0.0,4,H,750
0.027462,0.26459,1,0.0,4,H,750
0.027335,0.26299,1,0.0,4,H,750
0.027039,0.26121,1,0.0,4,H,750
0.027006,0.25893,1,0.0,4,H,750
0.026848,0.25659,1,0.0,4,H,750
0.026478,0.25406,1,0.0,4,H,750
0.026234,0.25125,1,0.0,4,H,750
0.025905,0.24838,1,0.0,4,H,750
0.025564,0.24508,1,0.0,4,H,750
0.025291,0.24151,1,0.0,4,H,750
0.024733,0.23792,1,0.0,4,H,750
0.024314,0.23405,1,0.0,4,H,750
0.024003,0.22989,1,0.0,4,H,750
0.023374,0.22568,1,0.0,4,H,750
0.022974,0.22143,1,0.0,4,H,750
0.022472,0.21671,1,0.0,4,H,750
0.021873,0.21178,1,0.0,4,H,750
0.021356,0.20672,1,0.0,4,H,750
0.02072,0.20137,1,0.0,4,H,750
0.020132,0.19591,1,0.0,4,H,750
0.019481,0.18988,1,0.0,4,H,750
0.018807,0.1836,1,0.0,4,H,750
0.018081,0.17747,1,0.0,4,H,750
0.017564,0.17121,1,0.0,4,H,750
0.017107,0.16476,1,0.0,4,H,750
0.016243,0.15814,1,0.0,4,H,750
0.015505,0.15151,1,0.0,4,H,750
0.014884,0.1448,1,0.0,4,H,750
0.014172,0.13791,1,0.0,4,H,750
0.013562,0.13101,1,0.0,4,H,750
0.012653,0.12409,1,0.0,4,H,750
0.011821,0.11731,1,0.0,4,H,750
0.011219,0.11053,1,0.0,4,H,750
0.01038,0.10375,1,0.0,4,H,750
0.0098785,0.097129,1,0.0,4,H,750
0.0092234,0.0905,1,0.0,4,H,750
0.0083512,0.084192,1,0.0,4,H,750
0.0078757,0.078026,1,0.0,4,H,750
0.0071345,0.071759,1,0.0,4,H,750
0.0066665,0.065889,1,0.0,4,H,750
0.0062398,0.059988,1,0.0,4,H,750
0.005375,0.053976,1,0.0,4,H,750
0.004907,0.048217,1,0.0,4,H,750
0.0043006,0.04247,1,0.0,4,H,750
0.003623,0.036894,1,0.0,4,H,750
0.0031101,0.031315,1,0.0,4,H,750
0.0026122,0.02565,1,0.0,4,H,750
0.0021854,0.02037,1,0.0,4,H,750
0.0015902,0.015216,1,0.0,4,H,750
0.0011559,0.0096073,1,0.0,4,H,750
0.00072918,0.0042037,1,0.0,4,H,750
0.00011897,-0.0009345,1,0.0,4,H,750
-0.00055862,-0.0062671,1,0.0,4,H,750
-0.0011127,-0.011473,1,0.0,4,H,750
-0.0015282,-0.017085,1,0.0,4,H,750
-0.0021646,-0.022642,1,0.0,4,H,750
-0.002685,-0.028001,1,0.0,4,H,750
-0.0031005,-0.033812,1,0.0,4,H,750
-0.0037257,-0.039548,1,0.0,4,H,750
-0.0043097,-0.045333,1,0.0,4,H,750
-0.0050397,-0.051274,1,0.0,4,H,750
-0.0057211,-0.057283,1,0.0,4,H,750
-0.0061591,-0.06349,1,0.0,4,H,750
-0.0067618,-0.069686,1,0.0,4,H,750
-0.0072821,-0.07596,1,0.0,4,H,750
-0.0079635,-0.082511,1,0.0,4,H,750
-0.0088282,-0.089103,1,0.0,4,H,750
-0.0094122,-0.095942,1,0.0,4,H,750
-0.010131,-0.10297,1,0.0,4,H,750
-0.010898,-0.1099,1,0.0,4,H,750
-0.01164,-0.11695,1,0.0,4,H,750
-0.01228,-0.12413,1,0.0,4,H,750
-0.01292,-0.13121,1,0.0,4,H,750
-0.013833,-0.13835,1,0.0,4,H,750
-0.014541,-0.14559,1,0.0,4,H,750
-0.015241,-0.15257,1,0.0,4,H,750
-0.015967,-0.15931,1,0.0,4,H,750
-0.016518,-0.16596,1,0.0,4,H,750
-0.017289,-0.1727,1,0.0,4,H,750
-0.017993,-0.17915,1,0.0,4,H,750
-0.018584,-0.1853,1,0.0,4,H,750
-0.019247,-0.19156,1,0.0,4,H,750
-0.019958,-0.19725,1,0.0,4,H,750
-0.020591,-0.20271,1,0.0,4,H,750
-0.021066,-0.20791,1,0.0,4,H,750
-0.021834,-0.21288,1,0.0,4,H,750
-0.02226,-0.21774,1,0.0,4,H,750
-0.022474,-0.22158,1,0.0,4,H,750
-0.023118,-0.22514,1,0.0,4,H,750
-0.023469,-0.22857,1,0.0,4,H,750
-0.023821,-0.23164,1,0.0,4,H,750
-0.024147,-0.23451,1,0.0,4,H,750
-0.024375,-0.23701,1,0.0,4,H,750
-0.024881,-0.23949,1,0.0,4,H,750
-0.025027,-0.24191,1,0.0,4,H,750
-0.025248,-0.24425,1,0.0,4,H,750
-0.025648,-0.24618,1,0.0,4,H,750
-0.025678,-0.24799,1,0.0,4,H,750
-0.025993,-0.24988,1,0.0,4,H,750
-0.026243,-0.25148,1,0.0,4,H,750
-0.026225,-0.25305,1,0.0,4,H,750
-0.026562,-0.25429,1,0.0,4,H,750
-0.02673,-0.25547,1,0.0,4,H,750
-0.026824,-0.25671,1,0.0,4,H,750
-0.027082,-0.2576,1,0.0,4,H,750
-0.027258,-0.25847,1,0.0,4,H,750
-0.027426,-0.25934,1,0.0,4,H,750
-0.027554,-0.26042,1,0.0,4,H,750
-0.027715,-0.26148,1,0.0,4,H,750
-0.027902,-0.26229,1,0.0,4,H,750
-0.028055,-0.26327,1,0.0,4,H,750
-0.028273,-0.26417,1,0.0,4,H,750
-0.0284,-0.26499,1,0.0,4,H,750
-0.028505,-0.26606,1,0.0,4,H,750
-0.028696,-0.26672,1,0.0,4,H,750
-0.028793,-0.26741,1,0.0,4,H,750
-0.028961,-0.26837,1,0.0,4,H,750
-0.029025,-0.2689,1,0.0,4,H,750
-0.029141,-0.26952,1,0.0,4,H,750
-0.029366,-0.26989,1,0.0,4,H,750
-0.029253,-0.27002,1,0.0,4,H,750
-0.029302,-0.27039,1,0.0,4,H,750
-0.029459,-0.2702,1,0.0,4,H,750
-0.029407,-0.26976,1,0.0,4,H,750
-0.029411,-0.26934,1,0.0,4,H,750
-0.029456,-0.26853,1,0.0,4,H,750
-0.029444,-0.26758,1,0.0,4,H,750
-0.029396,-0.26637,1,0.0,4,H,750
-0.029343,-0.26495,1,0.0,4,H,750
-0.029092,-0.26331,1,0.0,4,H,750
-0.028729,-0.26133,1,0.0,4,H,750
-0.028497,-0.25913,1,0.0,4,H,750
-0.028336,-0.25649,1,0.0,4,H,750
-0.028085,-0.25398,1,0.0,4,H,750
-0.027827,-0.25127,1,0.0,4,H,750
-0.027516,-0.24826,1,0.0,4,H,750
-0.027127,-0.24513,1,0.0,4,H,750
-0.026857,-0.24142,1,0.0,4,H,750
-0.026401,-0.23778,1,0.0,4,H,750
-0.025948,-0.23391,1,0.0,4,H,750
-0.025555,-0.22984,1,0.0,4,H,750
-0.024937,-0.22564,1,0.0,4,H,750
-0.024559,-0.22115,1,0.0,4,H,750
-0.02414,-0.2166,1,0.0,4,H,750
-0.023376,-0.21152,1,0.0,4,H,750
-0.022953,-0.20639,1,0.0,4,H,750
-0.022541,-0.20109,1,0.0,4,H,750
-0.021691,-0.19538,1,0.0,4,H,750
-0.021107,-0.18954,1,0.0,4,H,750
-0.020703,-0.18353,1,0.0,4,H,750
-0.019958,-0.17736,1,0.0,4,H,750
-0.019168,-0.17094,1,0.0,4,H,750
-0.018423,-0.16451,1,0.0,4,H,750
-0.017749,-0.15806,1,0.0,4,H,750
-0.017341,-0.15138,1,0.0,4,H,750
-0.016563,-0.1446,1,0.0,4,H,750
-0.015664,-0.13799,1,0.0,4,H,750
-0.015076,-0.13127,1,0.0,4,H,750
-0.01423,-0.12438,1,0.0,4,H,750
-0.01347,-0.11743,1,0.0,4,H,750
-0.012752,-0.11076,1,0.0,4,H,750
-0.011984,-0.10429,1,0.0,4,H,750
-0.011561,-0.097477,1,0.0,4,H,750
-0.010917,-0.091065,1,0.0,4,H,750
-0.010165,-0.084649,1,0.0,4,H,750
-0.0096331,-0.078285,1,0.0,4,H,750
-0.0088769,-0.07244,1,0.0,4,H,750
-0.0081806,-0.066371,1,0.0,4,H,750
-0.0077913,-0.06049,1,0.0,4,H,750
-0.0072185,-0.054626,1,0.0,4,H,750
-0.0065484,-0.048815,1,0.0,4,H,750
-0.0060243,-0.04321,1,0.0,4,H,750
-0.0053542,-0.037537,1,0.0,4,H,750
-0.0047253,-0.032082,1,0.0,4,H,750
-0.004291,-0.026648,1,0.0,4,H,750
-0.0038268,-0.021286,1,0.0,4,H,750
-0.003284,-0.015863,1,0.0,4,H,750
-0.0027374,-0.010374,1,0.0,4,H,750
-0.0023892,-0.0050825,1,0.0,4,H,750
-0.001824,0.00012305,1,0.0,4,H,750
-0.0011801,0.0053921,1,0.0,4,H,750
-0.00080196,0.010863,1,0.0,4,H,750
-0.00020672,0.016222,1,0.0,4,H,750
0.00027246,0.021569,1,0.0,4,H,750
0.0007142,0.027089,1,0.0,4,H,750
0.0013169,0.032735,1,0.0,4,H,750
0.0019159,0.038337,1,0.0,4,H,750
0.002616,0.043946,1,0.0,4,H,750
0.0031513,0.050033,1,0.0,4,H,750
0.0036529,0.05593,1,0.0,4,H,750
0.0041396,0.061819,1,0.0,4,H,750
0.0048284,0.068258,1,0.0,4,H,750
0.0056333,0.074514,1,0.0,4,H,750
0.006236,0.080739,1,0.0,4,H,750
0.0069361,0.08729,1,0.0,4,H,750
0.0075163,0.093968,1,0.0,4,H,750
0.0080367,0.1007,1,0.0,4,H,750
0.0087555,0.10762,1,0.0,4,H,750
0.0096352,0.1145,1,0.0,4,H,750
0.010395,0.12149,1,0.0,4,H,750
0.011043,0.12861,1,0.0,4,H,750
0.011833,0.13552,1,0.0,4,H,750
0.012551,0.14258,1,0.0,4,H,750
0.0133,0.14967,1,0.0,4,H,750
0.014034,0.15658,1,0.0,4,H,750
0.014625,0.1631,1,0.0,4,H,750
0.015337,0.16972,1,0.0,4,H,750
0.016007,0.17642,1,0.0,4,H,750
0.016636,0.18243,1,0.0,4,H,750
0.017403,0.18852,1,0.0,4,H,750
0.017976,0.19444,1,0.0,4,H,750
0.018365,0.19989,1,0.0,4,H,750
0.018882,0.20508,1,0.0,4,H,750
0.019698,0.21004,1,0.0,4,H,750
0.020364,0.21488,1,0.0,4,H,750
0.020761,0.21907,1,0.0,4,H,750
0.021252,0.22293,1,0.0,4,H,750
0.021469,0.22642,1,0.0,4,H,750
0.021869,0.22941,1,0.0,4,H,750
0.022363,0.23239,1,0.0,4,H,750
0.022633,0.23505,1,0.0,4,H,750
0.022932,0.23751,1,0.0,4,H,750
0.023011,0.23994,1,0.0,4,H,750
0.023277,0.24213,1,0.0,4,H,750
0.02355,0.24432,1,0.0,4,H,750
0.023823,0.24636,1,0.0,4,H,750
0.024198,0.2481,1,0.0,4,H,750
0.024437,0.2497,1,0.0,4,H,750
0.024722,0.25131,1,0.0,4,H,750
0.024763,0.25278,1,0.0,4,H,750
0.024808,0.2538,1,0.0,4,H,750
0.025048,0.25498,1,0.0,4,H,750
0.025246,0.25616,1,0.0,4,H,750
0.0254,0.25695,1,0.0,4,H,750
0.025437,0.2579,1,0.0,4,H,750
0.025617,0.25892,1,0.0,4,H,750
0.025778,0.26009,1,0.0,4,H,750
0.026013,0.26115,1,0.0,4,H,750
0.026335,0.26198,1,0.0,4,H,750
0.02641,0.26305,1,0.0,4,H,750
0.02659,0.26403,1,0.0,4,H,750
0.026792,0.26507,1,0.0,4,H,750
0.027021,0.26597,1,0.0,4,H,750
0.027095,0.26659,1,0.0,4,H,750
0.027167,0.26752,1,0.0,4,H,750
0.02735,0.26814,1,0.0,4,H,750
0.027432,0.26863,1,0.0,4,H,750
0.02747,0.26926,1,0.0,4,H,750
0.027432,0.26953,1,0.0,4,H,750
0.027784,0.26965,1,0.0,4,H,750
0.027878,0.26976,1,0.0,4,H,750
0.027743,0.26946,1,0.0,4,H,750
0.027844,0.26885,1,0.0,4,H,750
0.027717,0.2682,1,0.0,4,H,750
0.027623,0.26735,1,0.0,4,H,750
0.027638,0.26623,1,0.0,4,H,750
0.027619,0.26476,1,0.0,4,H,750
0.027361,0.26305,1,0.0,4,H,750
0.02714,0.26115,1,0.0,4,H,750
0.026998,0.25897,1,0.0,4,H,750
0.026672,0.25653,1,0.0,4,H,750
0.026347,0.25398,1,0.0,4,H,750
0.026081,0.25125,1,0.0,4,H,750
0.025991,0.24806,1,0.0,4,H,750
0.025609,0.24476,1,0.0,4,H,750
0.025089,0.24141,1,0.0,4,H,750
0.024872,0.23779,1,0.0,4,H,750
0.024411,0.23399,1,0.0,4,H,750
0.023951,0.22983,1,0.0,4,H,750
0.0234,0.22547,1,0.0,4,H,750
0.022719,0.22122,1,0.0,4,H,750
0.022442,0.21662,1,0.0,4,H,750
0.021982,0.21175,1,0.0,4,H,750
0.021375,0.20666,1,0.0,4,H,750
0.020814,0.20114,1,0.0,4,H,750
0.020188,0.19565,1,0.0,4,H,750
0.019597,0.18992,1,0.0,4,H,750
0.018781,0.18378,1,0.0,4,H,750
0.018208,0.17785,1,0.0,4,H,750
0.017609,0.1715,1,0.0,4,H,750
0.016883,0.16476,1,0.0,4,H,750
0.016201,0.15839,1,0.0,4,H,750
0.015438,0.15169,1,0.0,4,H,750
0.014861,0.14491,1,0.0,4,H,750
0.013974,0.13828,1,0.0,4,H,750
0.013263,0.13127,1,0.0,4,H,750
0.012656,0.12417,1,0.0,4,H,750
0.011941,0.11721,1,0.0,4,H,750
0.011413,0.11042,1,0.0,4,H,750
0.010496,0.10364,1,0.0,4,H,750
0.0096876,0.097193,1,0.0,4,H,750
0.009156,0.090874,1,0.0,4,H,750
0.0084635,0.084286,1,0.0,4,H,750
0.007857,0.077817,1,0.0,4,H,750
0.0072356,0.07173,1,0.0,4,H,750
0.0065318,0.065777,1,0.0,4,H,750
0.0059141,0.059678,1,0.0,4,H,750
0.0053001,0.053886,1,0.0,4,H,750
0.0048846,0.048277,1,0.0,4,H,750
0.0043455,0.042511,1,0.0,4,H,750
0.0036454,0.03692,1,0.0,4,H,750
0.0031925,0.031479,1,0.0,4,H,750
0.0026234,0.026087,1,0.0,4,H,750
0.0021106,0.02053,1,0.0,4,H,750
0.0016538,0.015198,1,0.0,4,H,750
0.0010025,0.010071,1,0.0,4,H,750
0.0004222,0.0044616,1,0.0,4,H,750
4.4098e-05,-0.00085602,1,0.0,4,H,750
-0.00038642,-0.0060541,1,0.0,4,H,750
-0.00099662,-0.011551,1,0.0,4,H,750
-0.0014459,-0.016861,1,0.0,4,H,750
-0.0018951,-0.022268,1,0.0,4,H,750
-0.0025278,-0.027851,1,0.0,4,H,750
-0.0031642,-0.033498,1,0.0,4,H,750
-0.003677,-0.039122,1,0.0,4,H,750
-0.0042685,-0.045008,1,0.0,4,H,750
-0.0049162,-0.050893,1,0.0,4,H,750
-0.0053055,-0.056801,1,0.0,4,H,750
-0.0059794,-0.063124,1,0.0,4,H,750
-0.0067169,-0.069282,1,0.0,4,H,750
-0.0071773,-0.075736,1,0.0,4,H,750
-0.0079672,-0.082298,1,0.0,4,H,750
-0.008671,-0.088711,1,0.0,4,H,750
-0.0091652,-0.095501,1,0.0,4,H,750
-0.010015,-0.10231,1,0.0,4,H,750
-0.010801,-0.10938,1,0.0,4,H,750
-0.011404,-0.11645,1,0.0,4,H,750
-0.01213,-0.12346,1,0.0,4,H,750
-0.012868,-0.1308,1,0.0,4,H,750
-0.013732,-0.13771,1,0.0,4,H,750
-0.014477,-0.14478,1,0.0,4,H,750
-0.015117,-0.1521,1,0.0,4,H,750
-0.015788,-0.15879,1,0.0,4,H,750
-0.016563,-0.16556,1,0.0,4,H,750
-0.017424,-0.17237,1,0.0,4,H,750
-0.017996,-0.17873,1,0.0,4,H,750
-0.018629,-0.18483,1,0.0,4,H,750
-0.01928,-0.19087,1,0.0,4,H,750
-0.019909,-0.19671,1,0.0,4,H,750
-0.020527,-0.20205,1,0.0,4,H,750
-0.021014,-0.20724,1,0.0,4,H,750
-0.021643,-0.21234,1,0.0,4,H,750
-0.022384,-0.21705,1,0.0,4,H,750
-0.022728,-0.22108,1,0.0,4,H,750
-0.022897,-0.2248,1,0.0,4,H,750
-0.02341,-0.22833,1,0.0,4,H,750
-0.023687,-0.2313,1,0.0,4,H,750
-0.024053,-0.23415,1,0.0,4,H,750
-0.02448,-0.23676,1,0.0,4,H,750
-0.024619,-0.23914,1,0.0,4,H,750
-0.0249,-0.24129,1,0.0,4,H,750
-0.025274,-0.24343,1,0.0,4,H,750
-0.0256,-0.24578,1,0.0,4,H,750
-0.025757,-0.24757,1,0.0,4,H,750
-0.025959,-0.24923,1,0.0,4,H,750
-0.02618,-0.25102,1,0.0,4,H,750
-0.02633,-0.25251,1,0.0,4,H,750
-0.026434,-0.25366,1,0.0,4,H,750
-0.026741,-0.25474,1,0.0,4,H,750
-0.026951,-0.25598,1,0.0,4,H,750
-0.026988,-0.25692,1,0.0,4,H,750
-0.027254,-0.25766,1,0.0,4,H,750
-0.027176,-0.25875,1,0.0,4,H,750
-0.027243,-0.25966,1,0.0,4,H,750
-0.027587,-0.26038,1,0.0,4,H,750
-0.027752,-0.26143,1,0.0,4,H,750
-0.027831,-0.26252,1,0.0,4,H,750
-0.028014,-0.26343,1,0.0,4,H,750
-0.028336,-0.26432,1,0.0,4,H,750
-0.028377,-0.26521,1,0.0,4,H,750
-0.028579,-0.26588,1,0.0,4,H,750
-0.028785,-0.26657,1,0.0,4,H,750
-0.028834,-0.26745,1,0.0,4,H,750
-0.028965,-0.26811,1,0.0,4,H,750
-0.029055,-0.2687,1,0.0,4,H,750
-0.029283,-0.26916,1,0.0,4,H,750
-0.029339,-0.26927,1,0.0,4,H,750
-0.029414,-0.26958,1,0.0,4,H,750
-0.029444,-0.26971,1,0.0,4,H,750
-0.029426,-0.26944,1,0.0,4,H,750
-0.029538,-0.26891,1,0.0,4,H,750
-0.029321,-0.26809,1,0.0,4,H,750
-0.02928,-0.26722,1,0.0,4,H,750
-0.029313,-0.26588,1,0.0,4,H,750
-0.029164,-0.26459,1,0.0,4,H,750
-0.028999,-0.26301,1,0.0,4,H,750
-0.02874,-0.26079,1,0.0,4,H,750
-0.028624,-0.2588,1,0.0,4,H,750
-0.028381,-0.25625,1,0.0,4,H,750
-0.028115,-0.25362,1,0.0,4,H,750
-0.027771,-0.251,1,0.0,4,H,750
-0.027516,-0.24779,1,0.0,4,H,750
-0.027273,-0.24475,1,0.0,4,H,750
-0.026667,-0.24121,1,0.0,4,H,750
-0.026345,-0.23739,1,0.0,4,H,750
-0.025858,-0.23367,1,0.0,4,H,750
-0.025405,-0.22953,1,0.0,4,H,750
-0.025139,-0.22521,1,0.0,4,H,750
-0.024536,-0.2208,1,0.0,4,H,750
-0.024132,-0.21628,1,0.0,4,H,750
-0.023462,-0.21131,1,0.0,4,H,750
-0.022807,-0.20633,1,0.0,4,H,750
-0.022447,-0.20107,1,0.0,4,H,750
-0.021736,-0.19537,1,0.0,4,H,750
-0.021141,-0.1897,1,0.0,4,H,750
-0.020475,-0.18358,1,0.0,4,H,750
-0.019767,-0.17742,1,0.0,4,H,750
-0.019183,-0.1712,1,0.0,4,H,750
-0.01852,-0.16478,1,0.0,4,H,750
-0.017731,-0.15831,1,0.0,4,H,750
-0.016918,-0.15162,1,0.0,4,H,750
-0.016521,-0.14491,1,0.0,4,H,750
-0.015855,-0.13806,1,0.0,4,H,750
-0.015035,-0.13122,1,0.0,4,H,750
-0.014298,-0.12447,1,0.0,4,H,750
-0.013571,-0.11762,1,0.0,4,H,750
-0.01295,-0.11084,1,0.0,4,H,750
-0.012078,-0.10411,1,0.0,4,H,750
-0.011479,-0.097612,1,0.0,4,H,750
-0.010824,-0.091338,1,0.0,4,H,750
-0.010082,-0.084813,1,0.0,4,H,750
-0.0095508,-0.078542,1,0.0,4,H,750
-0.0089331,-0.072451,1,0.0,4,H,750
-0.0083715,-0.066405,1,0.0,4,H,750
-0.0077463,-0.060613,1,0.0,4,H,750
-0.0071885,-0.054604,1,0.0,4,H,750
-0.0067094,-0.048789,1,0.0,4,H,750
-0.0060655,-0.043244,1,0.0,4,H,750
-0.0054478,-0.037691,1,0.0,4,H,750
-0.0048675,-0.032171,1,0.0,4,H,750
-0.0043659,-0.026801,1,0.0,4,H,750
-0.0038867,-0.021364,1,0.0,4,H,750
-0.0031604,-0.015968,1,0.0,4,H,750
-0.0026513,-0.01086,1,0.0,4,H,750
-0.0024192,-0.0053851,1,0.0,4,H,750
-0.0018876,-4.1377e-05,1,0.0,4,H,750
-0.0013747,0.0051604,1,0.0,4,H,750
-0.00076452,0.010605,1,0.0,4,H,750
-0.00010565,0.015975,1,0.0,4,H,750
0.00014892,0.021472,1,0.0,4,H,750
0.00078533,0.026853,1,0.0,4,H,750
0.0014704,0.032328,1,0.0,4,H,750
0.0019533,0.037963,1,0.0,4,H,750
0.0026609,0.043591,1,0.0,4,H,750
0.0031363,0.049454,1,0.0,4,H,750
0.0035706,0.055411,1,0.0,4,H,750
0.0042257,0.06149,1,0.0,4,H,750
0.0048958,0.067664,1,0.0,4,H,750
0.0054162,0.073923,1,0.0,4,H,750
0.006075,0.080321,1,0.0,4,H,750
0.0068612,0.086782,1,0.0,4,H,750
0.0075388,0.093269,1,0.0,4,H,750
0.0082576,0.099913,1,0.0,4,H,750
0.0089239,0.10676,1,0.0,4,H,750
0.0096128,0.11367,1,0.0,4,H,750
0.01035,0.12075,1,0.0,4,H,750
0.010987,0.12772,1,0.0,4,H,750
0.011702,0.13461,1,0.0,4,H,750
0.012424,0.14165,1,0.0,4,H,750
0.013094,0.1486,1,0.0,4,H,750
0.013914,0.15557,1,0.0,4,H,750
0.014479,0.16232,1,0.0,4,H,750
0.015108,0.16874,1,0.0,4,H,750
0.015943,0.17525,1,0.0,4,H,750
0.016512,0.18149,1,0.0,4,H,750
0.017265,0.18748,1,0.0,4,H,750
0.01795,0.19329,1,0.0,4,H,750
0.018324,0.19875,1,0.0,4,H,750
0.018953,0.20414,1,0.0,4,H,750
0.019653,0.2092,1,0.0,4,H,750
0.020144,0.21383,1,0.0,4,H,750
0.020537,0.21811,1,0.0,4,H,750
0.021012,0.22173,1,0.0,4,H,750
0.0216,0.22511,1,0.0,4,H,750
0.021866,0.22839,1,0.0,4,H,750
0.022131,0.2312,1,0.0,4,H,750
0.022506,0.23383,1,0.0,4,H,750
0.022828,0.23635,1,0.0,4,H,750
0.02312,0.23867,1,0.0,4,H,750
0.023221,0.24077,1,0.0,4,H,750
0.023468,0.24294,1,0.0,4,H,750
0.023767,0.2451,1,0.0,4,H,750
0.024063,0.24671,1,0.0,4,H,750
0.024273,0.24831,1,0.0,4,H,750
0.024389,0.24986,1,0.0,4,H,750
0.024557,0.25112,1,0.0,4,H,750
0.024823,0.25241,1,0.0,4,H,750
0.025025,0.25343,1,0.0,4,H,750
0.025074,0.25445,1,0.0,4,H,750
0.025235,0.25529,1,0.0,4,H,750
0.025306,0.25623,1,0.0,4,H,750
0.025456,0.25729,1,0.0,4,H,750
0.025699,0.25798,1,0.0,4,H,750
0.025841,0.25918,1,0.0,4,H,750
0.025961,0.26037,1,0.0,4,H,750
0.026201,0.26123,1,0.0,4,H,750
0.026459,0.26229,1,0.0,4,H,750
0.026534,0.26326,1,0.0,4,H,750
0.026657,0.26423,1,0.0,4,H,750
0.026912,0.26504,1,0.0,4,H,750
0.027107,0.26573,1,0.0,4,H,750
0.027125,0.26643,1,0.0,4,H,750
0.027286,0.26697,1,0.0,4,H,750
0.027425,0.26755,1,0.0,4,H,750
0.02741,0.26781,1,0.0,4,H,750
0.027608,0.26797,1,0.0,4,H,750
0.027608,0.26812,1,0.0,4,H,750
0.027567,0.26782,1,0.0,4,H,750
0.027672,0.26736,1,0.0,4,H,750
0.027608,0.26666,1,0.0,4,H,750
0.027518,0.26581,1,0.0,4,H,750
0.027279,0.26469,1,0.0,4,H,750
0.027298,0.26312,1,0.0,4,H,750
0.027305,0.26149,1,0.0,4,H,750
0.026897,0.25952,1,0.0,4,H,750
0.02671,0.25725,1,0.0,4,H,750
0.026478,0.25493,1,0.0,4,H,750
0.026268,0.25231,1,0.0,4,H,750
0.026174,0.24959,1,0.0,4,H,750
0.025744,0.2467,1,0.0,4,H,750
0.025306,0.24335,1,0.0,4,H,750
0.024932,0.24006,1,0.0,4,H,750
0.024482,0.23655,1,0.0,4,H,750
0.024235,0.23259,1,0.0,4,H,750
0.023797,0.2286,1,0.0,4,H,750
0.023262,0.22417,1,0.0,4,H,750
0.022745,0.21974,1,0.0,4,H,750
0.022274,0.21528,1,0.0,4,H,750
0.021899,0.21053,1,0.0,4,H,750
0.021124,0.20573,1,0.0,4,H,750
0.020668,0.20029,1,0.0,4,H,750
0.020166,0.1949,1,0.0,4,H,750
0.019417,0.1893,1,0.0,4,H,750
0.018833,0.18314,1,0.0,4,H,750
0.018051,0.17698,1,0.0,4,H,750
0.017501,0.17068,1,0.0,4,H,750
0.016849,0.16432,1,0.0,4,H,750
0.016164,0.15769,1,0.0,4,H,750
0.015539,0.1511,1,0.0,4,H,750
0.014734,0.14431,1,0.0,4,H,750
0.014075,0.13724,1,0.0,4,H,750
0.01324,0.13057,1,0.0,4,H,750
0.012492,0.12367,1,0.0,4,H,750
0.012012,0.11676,1,0.0,4,H,750
0.011245,0.10995,1,0.0,4,H,750
0.01038,0.10312,1,0.0,4,H,750
0.0098074,0.096494,1,0.0,4,H,750
0.0091747,0.090085,1,0.0,4,H,750
0.0083736,0.083867,1,0.0,4,H,750
0.0078083,0.07735,1,0.0,4,H,750
0.0072842,0.071262,1,0.0,4,H,750
0.0064943,0.065351,1,0.0,4,H,750
0.0059328,0.059203,1,0.0,4,H,750
0.0055247,0.05352,1,0.0,4,H,750
0.0048209,0.047787,1,0.0,4,H,750
0.004192,0.042003,1,0.0,4,H,750
0.0035968,0.03642,1,0.0,4,H,750
0.003039,0.031117,1,0.0,4,H,750
0.0027021,0.025799,1,0.0,4,H,750
0.0021031,0.020235,1,0.0,4,H,750
0.0015415,0.014944,1,0.0,4,H,750
0.0010698,0.0096409,1,0.0,4,H,750
0.00047087,0.0042822,1,0.0,4,H,750
5.1586e-05,-0.00097187,1,0.0,4,H,750
-0.00048375,-0.0062596,1,0.0,4,H,750
-0.00091426,-0.011379,1,0.0,4,H,750
-0.0014571,-0.016734,1,0.0,4,H,750
-0.0022096,-0.022115,1,0.0,4,H,750
-0.0025764,-0.027496,1,0.0,4,H,750
-0.0031005,-0.033206,1,0.0,4,H,750
-0.003677,-0.038726,1,0.0,4,H,750
-0.0041225,-0.044574,1,0.0,4,H,750
-0.0048076,-0.050445,1,0.0,4,H,750
-0.0053991,-0.056256,1,0.0,4,H,750
-0.0059269,-0.06253,1,0.0,4,H,750
-0.0066607,-0.068718,1,0.0,4,H,750
-0.0073383,-0.075161,1,0.0,4,H,750
-0.0078923,-0.081719,1,0.0,4,H,750
-0.008555,-0.088285,1,0.0,4,H,750
-0.009285,-0.094944,1,0.0,4,H,750
-0.010022,-0.10173,1,0.0,4,H,750
-0.010775,-0.1088,1,0.0,4,H,750
-0.011441,-0.11579,1,0.0,4,H,750
-0.012074,-0.1229,1,0.0,4,H,750
-0.012969,-0.12997,1,0.0,4,H,750
-0.013725,-0.13712,1,0.0,4,H,750
-0.014294,-0.14428,1,0.0,4,H,750
-0.015114,-0.15126,1,0.0,4,H,750
-0.01584,-0.15825,1,0.0,4,H,750
-0.016428,-0.165,1,0.0,4,H,750
-0.017191,-0.17156,1,0.0,4,H,750
-0.017817,-0.17781,1,0.0,4,H,750
-0.018378,-0.18412,1,0.0,4,H,750
-0.019153,-0.19016,1,0.0,4,H,750
-0.019658,-0.1956,1,0.0,4,H,750
-0.020374,-0.20111,1,0.0,4,H,750
-0.021021,-0.20638,1,0.0,4,H,750
-0.021452,-0.21144,1,0.0,4,H,750
-0.022208,-0.21616,1,0.0,4,H,750
-0.022436,-0.22019,1,0.0,4,H,750
-0.022848,-0.22389,1,0.0,4,H,750
-0.023469,-0.22736,1,0.0,4,H,750
-0.023732,-0.23051,1,0.0,4,H,750
-0.024024,-0.23316,1,0.0,4,H,750
-0.024308,-0.23565,1,0.0,4,H,750
-0.024783,-0.23815,1,0.0,4,H,750
-0.024922,-0.24045,1,0.0,4,H,750
-0.025008,-0.24247,1,0.0,4,H,750
-0.02539,-0.24453,1,0.0,4,H,750
-0.025652,-0.24634,1,0.0,4,H,750
-0.025854,-0.24796,1,0.0,4,H,750
-0.02603,-0.24972,1,0.0,4,H,750
-0.026142,-0.25102,1,0.0,4,H,750
-0.02624,-0.25246,1,0.0,4,H,750
-0.026419,-0.25374,1,0.0,4,H,750
-0.026667,-0.2546,1,0.0,4,H,750
-0.026891,-0.25561,1,0.0,4,H,750
-0.026988,-0.25634,1,0.0,4,H,750
-0.027209,-0.25722,1,0.0,4,H,750
-0.027344,-0.2581,1,0.0,4,H,750
-0.027382,-0.25887,1,0.0,4,H,750
-0.027647,-0.25993,1,0.0,4,H,750
-0.027748,-0.2609,1,0.0,4,H,750
-0.027924,-0.26185,1,0.0,4,H,750
-0.028183,-0.2629,1,0.0,4,H,750
-0.028325,-0.26374,1,0.0,4,H,750
-0.028452,-0.26455,1,0.0,4,H,750
-0.028508,-0.26545,1,0.0,4,H,750
-0.028703,-0.26606,1,0.0,4,H,750
-0.028808,-0.26661,1,0.0,4,H,750
-0.02892,-0.26725,1,0.0,4,H,750
-0.029167,-0.26776,1,0.0,4,H,750
-0.029216,-0.26801,1,0.0,4,H,750
-0.029227,-0.26807,1,0.0,4,H,750
-0.029227,-0.2682,1,0.0,4,H,750
-0.029317,-0.26798,1,0.0,4,H,750
-0.029381,-0.26743,1,0.0,4,H,750
-0.029216,-0.26679,1,0.0,4,H,750
-0.029268,-0.26593,1,0.0,4,H,750
-0.029182,-0.26472,1,0.0,4,H,750
-0.028961,-0.26327,1,0.0,4,H,750
-0.028928,-0.26162,1,0.0,4,H,750
-0.028624,-0.25969,1,0.0,4,H,750
-0.028505,-0.25733,1,0.0,4,H,750
-0.028366,-0.25482,1,0.0,4,H,750
-0.028067,-0.25247,1,0.0,4,H,750
-0.02773,-0.24958,1,0.0,4,H,750
-0.027247,-0.2466,1,0.0,4,H,750
-0.027142,-0.24361,1,0.0,4,H,750
-0.026644,-0.24005,1,0.0,4,H,750
-0.026049,-0.2365,1,0.0,4,H,750
-0.025813,-0.2327,1,0.0,4,H,750
-0.025251,-0.22862,1,0.0,4,H,750
-0.024922,-0.22424,1,0.0,4,H,750
-0.024559,-0.21968,1,0.0,4,H,750
-0.023878,-0.21534,1,0.0,4,H,750
-0.023365,-0.21068,1,0.0,4,H,750
-0.022945,-0.20569,1,0.0,4,H,750
-0.022365,-0.20043,1,0.0,4,H,750
-0.021571,-0.19481,1,0.0,4,H,750
-0.021047,-0.18921,1,0.0,4,H,750
-0.020568,-0.18332,1,0.0,4,H,750
-0.019853,-0.17709,1,0.0,4,H,750
-0.019172,-0.17089,1,0.0,4,H,750
-0.018577,-0.16472,1,0.0,4,H,750
-0.017966,-0.15825,1,0.0,4,H,750
-0.017038,-0.15152,1,0.0,4,H,750
-0.016297,-0.14492,1,0.0,4,H,750
-0.015709,-0.13809,1,0.0,4,H,750
-0.014919,-0.13121,1,0.0,4,H,750
-0.014313,-0.1246,1,0.0,4,H,750
-0.013747,-0.11777,1,0.0,4,H,750
-0.012987,-0.11088,1,0.0,4,H,750
-0.012149,-0.10418,1,0.0,4,H,750
-0.011505,-0.097541,1,0.0,4,H,750
-0.01088,-0.090964,1,0.0,4,H,750
-0.010071,-0.084656,1,0.0,4,H,750
-0.0094497,-0.078367,1,0.0,4,H,750
-0.0090304,-0.072134,1,0.0,4,H,750
-0.0083715,-0.066323,1,0.0,4,H,750
-0.0077501,-0.060467,1,0.0,4,H,750
-0.0072297,-0.054357,1,0.0,4,H,750
-0.006612,-0.048602,1,0.0,4,H,750
-0.0059644,-0.043169,1,0.0,4,H,750
-0.0052456,-0.037653,1,0.0,4,H,750
-0.0048151,-0.032126,1,0.0,4,H,750
-0.0043584,-0.026697,1,0.0,4,H,750
-0.0037032,-0.021338,1,0.0,4,H,750
-0.0032802,-0.016028,1,0.0,4,H,750
-0.0028871,-0.010789,1,0.0,4,H,750
-0.0023593,-0.0054674,1,0.0,4,H,750
-0.0018165,-0.00010864,1,0.0,4,H,750
-0.0013186,0.0051679,1,0.0,4,H,750
-0.00073457,0.010474,1,0.0,4,H,750
-0.00014683,0.015698,1,0.0,4,H,750
0.00024251,0.021024,1,0.0,4,H,750
0.00071046,0.026375,1,0.0,4,H,750
0.0013057,0.031741,1,0.0,4,H,750
0.0017699,0.037432,1,0.0,4,H,750
0.0023352,0.043165,1,0.0,4,H,750
0.0030315,0.048886,1,0.0,4,H,750
0.0035556,0.054828,1,0.0,4,H,750
0.0041022,0.060945,1,0.0,4,H,750
0.004776,0.066995,1,0.0,4,H,750
0.00539,0.073314,1,0.0,4,H,750
0.0062061,0.07985,1,0.0,4,H,750
0.0069174,0.086218,1,0.0,4,H,750
0.0073329,0.092922,1,0.0,4,H,750
0.0080105,0.099693,1,0.0,4,H,750
0.0088191,0.10642,1,0.0,4,H,750
0.0095042,0.11342,1,0.0,4,H,750
0.010092,0.12033,1,0.0,4,H,750
0.010826,0.12726,1,0.0,4,H,750
0.011709,0.13436,1,0.0,4,H,750
0.012402,0.14151,1,0.0,4,H,750
0.013135,0.14842,1,0.0,4,H,750
0.013888,0.15514,1,0.0,4,H,750
0.014438,0.16198,1,0.0,4,H,750
0.015157,0.16847,1,0.0,4,H,750
0.016044,0.17477,1,0.0,4,H,750
0.016677,0.18104,1,0.0,4,H,750
0.017167,0.18705,1,0.0,4,H,750
0.01777,0.19264,1,0.0,4,H,750
0.01838,0.19808,1,0.0,4,H,750
0.018953,0.2035,1,0.0,4,H,750
0.01956,0.20852,1,0.0,4,H,750
0.020144,0.21319,1,0.0,4,H,750
0.02054,0.21739,1,0.0,4,H,750
0.020941,0.22123,1,0.0,4,H,750
0.021581,0.2248,1,0.0,4,H,750
0.021854,0.22803,1,0.0,4,H,750
0.021978,0.23099,1,0.0,4,H,750
0.022487,0.23355,1,0.0,4,H,750
0.02279,0.23617,1,0.0,4,H,750
0.023064,0.23857,1,0.0,4,H,750
0.023412,0.2406,1,0.0,4,H,750
0.023502,0.24265,1,0.0,4,H,750
0.023715,0.24441,1,0.0,4,H,750
0.023943,0.2463,1,0.0,4,H,750
0.024164,0.24815,1,0.0,4,H,750
0.024411,0.2495,1,0.0,4,H,750
0.024441,0.25093,1,0.0,4,H,750
0.024711,0.25197,1,0.0,4,H,750
0.02489,0.25299,1,0.0,4,H,750
0.025003,0.25417,1,0.0,4,H,750
0.025343,0.25508,1,0.0,4,H,750
0.025366,0.25614,1,0.0,4,H,750
0.025426,0.25698,1,0.0,4,H,750
0.025587,0.25798,1,0.0,4,H,750
0.025886,0.25905,1,0.0,4,H,750
0.026107,0.25999,1,0.0,4,H,750
0.0261,0.26118,1,0.0,4,H,750
0.026268,0.2623,1,0.0,4,H,750
0.026395,0.26334,1,0.0,4,H,750
0.026755,0.26417,1,0.0,4,H,750
0.026848,0.2648,1,0.0,4,H,750
0.026889,0.26554,1,0.0,4,H,750
0.027208,0.2662,1,0.0,4,H,750
0.027219,0.26684,1,0.0,4,H,750
0.027309,0.26745,1,0.0,4,H,750
0.027324,0.26771,1,0.0,4,H,750
0.027466,0.26789,1,0.0,4,H,750
0.027627,0.26783,1,0.0,4,H,750
0.027586,0.26772,1,0.0,4,H,750
0.027728,0.26743,1,0.0,4,H,750
0.027616,0.26647,1,0.0,4,H,750
0.027429,0.26564,1,0.0,4,H,750
0.027372,0.26453,1,0.0,4,H,750
0.027414,0.26308,1,0.0,4,H,750
0.027283,0.26147,1,0.0,4,H,750
0.026942,0.25962,1,0.0,4,H,750
0.0268,0.25749,1,0.0,4,H,750
0.02662,0.2548,1,0.0,4,H,750
0.026279,0.25237,1,0.0,4,H,750
0.025954,0.24974,1,0.0,4,H,750
0.025785,0.24673,1,0.0,4,H,750
0.025422,0.2436,1,0.0,4,H,750
0.024924,0.24012,1,0.0,4,H,750
0.024681,0.2368,1,0.0,4,H,750
0.02422,0.23297,1,0.0,4,H,750
0.023707,0.22887,1,0.0,4,H,750
0.023314,0.22488,1,0.0,4,H,750
0.022727,0.22019,1,0.0,4,H,750
0.02221,0.21552,1,0.0,4,H,750
0.02175,0.21088,1,0.0,4,H,750
0.021278,0.20595,1,0.0,4,H,750
0.020754,0.2009,1,0.0,4,H,750
0.02011,0.19535,1,0.0,4,H,750
0.019458,0.18954,1,0.0,4,H,750
0.018882,0.18368,1,0.0,4,H,750
0.018339,0.17764,1,0.0,4,H,750
0.017456,0.1714,1,0.0,4,H,750
0.016778,0.16492,1,0.0,4,H,750
0.016273,0.15843,1,0.0,4,H,750
0.015498,0.15186,1,0.0,4,H,750
0.01482,0.1451,1,0.0,4,H,750
0.014202,0.13831,1,0.0,4,H,750
0.013409,0.13157,1,0.0,4,H,750
0.012544,0.12464,1,0.0,4,H,750
0.012001,0.11762,1,0.0,4,H,750
0.011245,0.11091,1,0.0,4,H,750
0.010455,0.10417,1,0.0,4,H,750
0.0099384,0.097316,1,0.0,4,H,750
0.0090737,0.090855,1,0.0,4,H,750
0.0084485,0.084372,1,0.0,4,H,750
0.0078795,0.078075,1,0.0,4,H,750
0.0072056,0.07207,1,0.0,4,H,750
0.0066965,0.065881,1,0.0,4,H,750
0.0060526,0.059947,1,0.0,4,H,750
0.0054199,0.054043,1,0.0,4,H,750
0.0046712,0.048303,1,0.0,4,H,750
0.0041845,0.04269,1,0.0,4,H,750
0.0036941,0.03701,1,0.0,4,H,750
0.0030951,0.03164,1,0.0,4,H,750
0.0028106,0.026225,1,0.0,4,H,750
0.0022229,0.020732,1,0.0,4,H,750
0.0015715,0.015332,1,0.0,4,H,750
0.0010287,0.01013,1,0.0,4,H,750
0.00057943,0.0047419,1,0.0,4,H,750
8.9022e-05,-0.00063928,1,0.0,4,H,750
-0.00057734,-0.0057476,1,0.0,4,H,750
-0.00099288,-0.011136,1,0.0,4,H,750
-0.0014758,-0.016525,1,0.0,4,H,750
-0.0020785,-0.021913,1,0.0,4,H,750
-0.0026363,-0.027422,1,0.0,4,H,750
-0.0030519,-0.032915,1,0.0,4,H,750
-0.0035835,-0.038531,1,0.0,4,H,750
-0.0043209,-0.044212,1,0.0,4,H,750
-0.0046841,-0.050093,1,0.0,4,H,750
-0.0052756,-0.0563,1,0.0,4,H,750
-0.0059419,-0.062601,1,0.0,4,H,750
-0.0065147,-0.06889,1,0.0,4,H,750
-0.0073682,-0.07522,1,0.0,4,H,750
-0.0079335,-0.081809,1,0.0,4,H,750
-0.0086298,-0.088535,1,0.0,4,H,750
-0.0094909,-0.095127,1,0.0,4,H,750
-0.0099551,-0.10207,1,0.0,4,H,750
-0.010629,-0.10905,1,0.0,4,H,750
-0.011554,-0.11603,1,0.0,4,H,750
-0.012145,-0.12334,1,0.0,4,H,750
-0.012763,-0.13024,1,0.0,4,H,750
-0.013613,-0.13721,1,0.0,4,H,750
-0.01435,-0.14437,1,0.0,4,H,750
-0.015129,-0.15129,1,0.0,4,H,750
-0.015915,-0.15806,1,0.0,4,H,750
-0.016476,-0.16469,1,0.0,4,H,750
-0.017203,-0.17134,1,0.0,4,H,750
-0.017914,-0.17762,1,0.0,4,H,750
-0.018449,-0.18395,1,0.0,4,H,750
-0.019206,-0.19005,1,0.0,4,H,750
-0.019887,-0.19546,1,0.0,4,H,750
-0.020441,-0.20089,1,0.0,4,H,750
-0.021014,-0.20621,1,0.0,4,H,750
-0.021658,-0.21143,1,0.0,4,H,750
-0.022174,-0.21603,1,0.0,4,H,750
-0.022668,-0.22007,1,0.0,4,H,750
-0.023136,-0.2239,1,0.0,4,H,750
-0.023368,-0.2275,1,0.0,4,H,750
-0.023668,-0.23084,1,0.0,4,H,750
-0.024042,-0.2334,1,0.0,4,H,750
-0.024417,-0.236,1,0.0,4,H,750
-0.024656,-0.23848,1,0.0,4,H,750
-0.024989,-0.24062,1,0.0,4,H,750
-0.025113,-0.24294,1,0.0,4,H,750
-0.025263,-0.24494,1,0.0,4,H,750
-0.025768,-0.24687,1,0.0,4,H,750
-0.02588,-0.24854,1,0.0,4,H,750
-0.026056,-0.2501,1,0.0,4,H,750
-0.02618,-0.25179,1,0.0,4,H,750
-0.0263,-0.25314,1,0.0,4,H,750
-0.026689,-0.25427,1,0.0,4,H,750
-0.026756,-0.25517,1,0.0,4,H,750
-0.026816,-0.25615,1,0.0,4,H,750
-0.026977,-0.25718,1,0.0,4,H,750
-0.027254,-0.25802,1,0.0,4,H,750
-0.027445,-0.25883,1,0.0,4,H,750
-0.02743,-0.25974,1,0.0,4,H,750
-0.027621,-0.26067,1,0.0,4,H,750
-0.027868,-0.26157,1,0.0,4,H,750
-0.028127,-0.26263,1,0.0,4,H,750
-0.028209,-0.26374,1,0.0,4,H,750
-0.028258,-0.26459,1,0.0,4,H,750
-0.028531,-0.26539,1,0.0,4,H,750
-0.028733,-0.26625,1,0.0,4,H,750
-0.02889,-0.26696,1,0.0,4,H,750
-0.028898,-0.26757,1,0.0,4,H,750
-0.029021,-0.26812,1,0.0,4,H,750
-0.02913,-0.26847,1,0.0,4,H,750
-0.029152,-0.26878,1,0.0,4,H,750
-0.029295,-0.26898,1,0.0,4,H,750
-0.029231,-0.26887,1,0.0,4,H,750
-0.029482,-0.26875,1,0.0,4,H,750
-0.029497,-0.2684,1,0.0,4,H,750
-0.029253,-0.26772,1,0.0,4,H,750
-0.029343,-0.26691,1,0.0,4,H,750
-0.029152,-0.26559,1,0.0,4,H,750
-0.029134,-0.26417,1,0.0,4,H,750
-0.028976,-0.26243,1,0.0,4,H,750
-0.028684,-0.26025,1,0.0,4,H,750
-0.028696,-0.25814,1,0.0,4,H,750
-0.02843,-0.25556,1,0.0,4,H,750
-0.027984,-0.25289,1,0.0,4,H,750
-0.027685,-0.25028,1,0.0,4,H,750
-0.027449,-0.24721,1,0.0,4,H,750
-0.02694,-0.24402,1,0.0,4,H,750
-0.026592,-0.24059,1,0.0,4,H,750
-0.026371,-0.23687,1,0.0,4,H,750
-0.025937,-0.23303,1,0.0,4,H,750
-0.025446,-0.22901,1,0.0,4,H,750
-0.024885,-0.22479,1,0.0,4,H,750
-0.024518,-0.22023,1,0.0,4,H,750
-0.024001,-0.21543,1,0.0,4,H,750
-0.02338,-0.21071,1,0.0,4,H,750
-0.023039,-0.20572,1,0.0,4,H,750
-0.022388,-0.2004,1,0.0,4,H,750
-0.021695,-0.19504,1,0.0,4,H,750
-0.021238,-0.18926,1,0.0,4,H,750
-0.020486,-0.1833,1,0.0,4,H,750
-0.019819,-0.17726,1,0.0,4,H,750
-0.019202,-0.17089,1,0.0,4,H,750
-0.018427,-0.16464,1,0.0,4,H,750
-0.017914,-0.1581,1,0.0,4,H,750
-0.017244,-0.15143,1,0.0,4,H,750
-0.0163,-0.14482,1,0.0,4,H,750
-0.015687,-0.13808,1,0.0,4,H,750
-0.015192,-0.13149,1,0.0,4,H,750
-0.014436,-0.1247,1,0.0,4,H,750
-0.013646,-0.1179,1,0.0,4,H,750
-0.012871,-0.11118,1,0.0,4,H,750
-0.012186,-0.10437,1,0.0,4,H,750
-0.011527,-0.097589,1,0.0,4,H,750
-0.010854,-0.091001,1,0.0,4,H,750
-0.010176,-0.084787,1,0.0,4,H,750
-0.0095433,-0.078557,1,0.0,4,H,750
-0.0090791,-0.072425,1,0.0,4,H,750
-0.008379,-0.066413,1,0.0,4,H,750
-0.0076864,-0.060478,1,0.0,4,H,750
-0.0071623,-0.054731,1,0.0,4,H,750
-0.006612,-0.049002,1,0.0,4,H,750
-0.0060131,-0.043322,1,0.0,4,H,750
-0.0053804,-0.03775,1,0.0,4,H,750
-0.00489,-0.032261,1,0.0,4,H,750
-0.0043546,-0.026921,1,0.0,4,H,750
-0.0037444,-0.021603,1,0.0,4,H,750
-0.0032652,-0.016185,1,0.0,4,H,750
-0.0028535,-0.010886,1,0.0,4,H,750
-0.0022657,-0.0054898,1,0.0,4,H,750
-0.0016068,-6.3799e-05,1,0.0,4,H,750
-0.0012362,0.0051641,1,0.0,4,H,750
-0.00084314,0.010549,1,0.0,4,H,750
-0.00027411,0.016039,1,0.0,4,H,750
0.00021256,0.021423,1,0.0,4,H,750
0.00072918,0.026887,1,0.0,4,H,750
0.0013207,0.03238,1,0.0,4,H,750
0.0018485,0.037892,1,0.0,4,H,750
0.0023576,0.043748,1,0.0,4,H,750
0.0031139,0.049693,1,0.0,4,H,750
0.0037241,0.055653,1,0.0,4,H,750
0.0041658,0.061883,1,0.0,4,H,750
0.0049145,0.068004,1,0.0,4,H,750
0.0057344,0.074364,1,0.0,4,H,750
0.0063371,0.081046,1,0.0,4,H,750
0.0069174,0.087469,1,0.0,4,H,750
0.0077073,0.094196,1,0.0,4,H,750
0.0082875,0.10088,1,0.0,4,H,750
0.008894,0.10769,1,0.0,4,H,750
0.0096128,0.1148,1,0.0,4,H,750
0.010257,0.12167,1,0.0,4,H,750
0.011069,0.12871,1,0.0,4,H,750
0.011747,0.13567,1,0.0,4,H,750
0.012477,0.14248,1,0.0,4,H,750
0.013267,0.14932,1,0.0,4,H,750
0.014015,0.15634,1,0.0,4,H,750
0.014741,0.16316,1,0.0,4,H,750
0.015359,0.16957,1,0.0,4,H,750
0.016048,0.17594,1,0.0,4,H,750
0.016587,0.18221,1,0.0,4,H,750
0.017212,0.18816,1,0.0,4,H,750
0.01786,0.19381,1,0.0,4,H,750
0.018305,0.19933,1,0.0,4,H,750
0.018994,0.2043,1,0.0,4,H,750
0.019717,0.20926,1,0.0,4,H,750
0.020327,0.21406,1,0.0,4,H,750
0.020765,0.21824,1,0.0,4,H,750
0.021076,0.22218,1,0.0,4,H,750
0.021431,0.2257,1,0.0,4,H,750
0.021738,0.22907,1,0.0,4,H,750
0.022161,0.23217,1,0.0,4,H,750
0.022543,0.23483,1,0.0,4,H,750
0.022783,0.23722,1,0.0,4,H,750
0.023056,0.23964,1,0.0,4,H,750
0.023438,0.24186,1,0.0,4,H,750
0.023674,0.24375,1,0.0,4,H,750
0.023745,0.24572,1,0.0,4,H,750
0.024074,0.24752,1,0.0,4,H,750
0.024404,0.24926,1,0.0,4,H,750
0.024467,0.25093,1,0.0,4,H,750
0.024681,0.25226,1,0.0,4,H,750
0.024913,0.25334,1,0.0,4,H,750
0.025036,0.25443,1,0.0,4,H,750
0.02522,0.25549,1,0.0,4,H,750
0.025257,0.25634,1,0.0,4,H,750
0.025317,0.25736,1,0.0,4,H,750
0.025583,0.25838,1,0.0,4,H,750
0.025789,0.25936,1,0.0,4,H,750
0.025897,0.26032,1,0.0,4,H,750
0.026231,0.26116,1,0.0,4,H,750
0.02641,0.26232,1,0.0,4,H,750
0.026369,0.2634,1,0.0,4,H,750
0.026717,0.26436,1,0.0,4,H,750
0.026972,0.26548,1,0.0,4,H,750
0.027006,0.26633,1,0.0,4,H,750
0.027167,0.26713,1,0.0,4,H,750
0.02732,0.26778,1,0.0,4,H,750
0.027298,0.26826,1,0.0,4,H,750
0.027425,0.26889,1,0.0,4,H,750
0.027676,0.26928,1,0.0,4,H,750
0.027567,0.26958,1,0.0,4,H,750
0.027765,0.26947,1,0.0,4,H,750
0.027926,0.2691,1,0.0,4,H,750
0.027822,0.26903,1,0.0,4,H,750
0.02793,0.26838,1,0.0,4,H,750
0.027751,0.26732,1,0.0,4,H,750
0.027578,0.26631,1,0.0,4,H,750
0.027477,0.26476,1,0.0,4,H,750
0.02747,0.26295,1,0.0,4,H,750
0.027361,0.26118,1,0.0,4,H,750
0.026886,0.25896,1,0.0,4,H,750
0.026624,0.25636,1,0.0,4,H,750
0.026407,0.25365,1,0.0,4,H,750
0.026133,0.25088,1,0.0,4,H,750
0.025796,0.24783,1,0.0,4,H,750
0.025392,0.2445,1,0.0,4,H,750
0.025104,0.24122,1,0.0,4,H,750
0.024812,0.23769,1,0.0,4,H,750
0.02437,0.23385,1,0.0,4,H,750
0.02379,0.2297,1,0.0,4,H,750
0.02337,0.22537,1,0.0,4,H,750
0.02282,0.22095,1,0.0,4,H,750
0.022229,0.21608,1,0.0,4,H,750
0.021779,0.21116,1,0.0,4,H,750
0.021244,0.20621,1,0.0,4,H,750
0.020615,0.20093,1,0.0,4,H,750
0.019983,0.19545,1,0.0,4,H,750
0.019619,0.18982,1,0.0,4,H,750
0.019002,0.1838,1,0.0,4,H,750
0.018298,0.17766,1,0.0,4,H,750
0.01765,0.1715,1,0.0,4,H,750
0.016838,0.16485,1,0.0,4,H,750
0.016276,0.15831,1,0.0,4,H,750
0.015516,0.15176,1,0.0,4,H,750
0.014809,0.14501,1,0.0,4,H,750
0.01424,0.13831,1,0.0,4,H,750
0.013427,0.13135,1,0.0,4,H,750
0.012697,0.12449,1,0.0,4,H,750
0.011938,0.11753,1,0.0,4,H,750
0.011305,0.11064,1,0.0,4,H,750
0.010545,0.10387,1,0.0,4,H,750
0.0097475,0.09707,1,0.0,4,H,750
0.0092945,0.09062,1,0.0,4,H,750
0.0085645,0.084095,1,0.0,4,H,750
0.0078083,0.077742,1,0.0,4,H,750
0.0071008,0.071741,1,0.0,4,H,750
0.0065205,0.065571,1,0.0,4,H,750
0.00612,0.059544,1,0.0,4,H,750
0.0053638,0.0538,1,0.0,4,H,750
0.0048247,0.048056,1,0.0,4,H,750
0.0042931,0.042518,1,0.0,4,H,750
0.0037278,0.037055,1,0.0,4,H,750
0.0032786,0.031476,1,0.0,4,H,750
0.0026384,0.025848,1,0.0,4,H,750
0.002133,0.020351,1,0.0,4,H,750
0.0014966,0.015108,1,0.0,4,H,750
0.00095005,0.0097418,1,0.0,4,H,750
0.00051579,0.0042822,1,0.0,4,H,750
-2.703e-05,-0.0010653,1,0.0,4,H,750
-0.00036395,-0.0064838,1,0.0,4,H,750
-0.00097042,-0.011936,1,0.0,4,H,750
-0.0016854,-0.017209,1,0.0,4,H,750
-0.0021796,-0.02268,1,0.0,4,H,750
-0.0026775,-0.028322,1,0.0,4,H,750
-0.0031679,-0.033864,1,0.0,4,H,750
-0.0037931,-0.039664,1,0.0,4,H,750
-0.0043546,-0.045482,1,0.0,4,H,750
-0.0047814,-0.051457,1,0.0,4,H,750
-0.005444,-0.057552,1,0.0,4,H,750
-0.006189,-0.063673,1,0.0,4,H,750
-0.0069078,-0.070123,1,0.0,4,H,750
-0.0076003,-0.076592,1,0.0,4,H,750
-0.0081357,-0.083217,1,0.0,4,H,750
-0.008802,-0.090097,1,0.0,4,H,750
-0.0095096,-0.096958,1,0.0,4,H,750
-0.010097,-0.10383,1,0.0,4,H,750
-0.010913,-0.11092,1,0.0,4,H,750
-0.011703,-0.11803,1,0.0,4,H,750
-0.012332,-0.12503,1,0.0,4,H,750
-0.013167,-0.13211,1,0.0,4,H,750
-0.013908,-0.1393,1,0.0,4,H,750
-0.014485,-0.14646,1,0.0,4,H,750
-0.015301,-0.15338,1,0.0,4,H,750
-0.016169,-0.16018,1,0.0,4,H,750
-0.016768,-0.16688,1,0.0,4,H,750
-0.017326,-0.17343,1,0.0,4,H,750
-0.01812,-0.17988,1,0.0,4,H,750
-0.018782,-0.18596,1,0.0,4,H,750
-0.019329,-0.19183,1,0.0,4,H,750
-0.019954,-0.19757,1,0.0,4,H,750
-0.020467,-0.2029,1,0.0,4,H,750
-0.021089,-0.20793,1,0.0,4,H,750
-0.021695,-0.21296,1,0.0,4,H,750
-0.022309,-0.21769,1,0.0,4,H,750
-0.022897,-0.22179,1,0.0,4,H,750
-0.023234,-0.22565,1,0.0,4,H,750
-0.023623,-0.22912,1,0.0,4,H,750
-0.024083,-0.23228,1,0.0,4,H,750
-0.024293,-0.23548,1,0.0,4,H,750
-0.024477,-0.23809,1,0.0,4,H,750
-0.025001,-0.24032,1,0.0,4,H,750
-0.025248,-0.24264,1,0.0,4,H,750
-0.025375,-0.24486,1,0.0,4,H,750
-0.025746,-0.2467,1,0.0,4,H,750
-0.025794,-0.24857,1,0.0,4,H,750
-0.025933,-0.25053,1,0.0,4,H,750
-0.026285,-0.25205,1,0.0,4,H,750
-0.026446,-0.25349,1,0.0,4,H,750
-0.026633,-0.2547,1,0.0,4,H,750
-0.026884,-0.25577,1,0.0,4,H,750
-0.027048,-0.25695,1,0.0,4,H,750
-0.027206,-0.25783,1,0.0,4,H,750
-0.027191,-0.25854,1,0.0,4,H,750
-0.027247,-0.25938,1,0.0,4,H,750
-0.027584,-0.26042,1,0.0,4,H,750
-0.027655,-0.26128,1,0.0,4,H,750
-0.027707,-0.26198,1,0.0,4,H,750
-0.027842,-0.2629,1,0.0,4,H,750
-0.028104,-0.26393,1,0.0,4,H,750
-0.028407,-0.26491,1,0.0,4,H,750
-0.028411,-0.26593,1,0.0,4,H,750
-0.028703,-0.2668,1,0.0,4,H,750
-0.028905,-0.26747,1,0.0,4,H,750
-0.028845,-0.2683,1,0.0,4,H,750
-0.02904,-0.26909,1,0.0,4,H,750
-0.02913,-0.26959,1,0.0,4,H,750
-0.029298,-0.26981,1,0.0,4,H,750
-0.029545,-0.27017,1,0.0,4,H,750
-0.029467,-0.27052,1,0.0,4,H,750
-0.029456,-0.27048,1,0.0,4,H,750
-0.029512,-0.27041,1,0.0,4,H,750
-0.029575,-0.26995,1,0.0,4,H,750
-0.029661,-0.26938,1,0.0,4,H,750
-0.029504,-0.26855,1,0.0,4,H,750
-0.029429,-0.26707,1,0.0,4,H,750
-0.02947,-0.26569,1,0.0,4,H,750
-0.029231,-0.26401,1,0.0,4,H,750
-0.029025,-0.26197,1,0.0,4,H,750
-0.028875,-0.25955,1,0.0,4,H,750
-0.028475,-0.25696,1,0.0,4,H,750
-0.02807,-0.2544,1,0.0,4,H,750
-0.027872,-0.25139,1,0.0,4,H,750
-0.027614,-0.24835,1,0.0,4,H,750
-0.027172,-0.24509,1,0.0,4,H,750
-0.026745,-0.2417,1,0.0,4,H,750
-0.026315,-0.2381,1,0.0,4,H,750
-0.025985,-0.23411,1,0.0,4,H,750
-0.02557,-0.22991,1,0.0,4,H,750
-0.025038,-0.22532,1,0.0,4,H,750
-0.024473,-0.22084,1,0.0,4,H,750
-0.02393,-0.21621,1,0.0,4,H,750
-0.023582,-0.21114,1,0.0,4,H,750
-0.022923,-0.20599,1,0.0,4,H,750
-0.02235,-0.20081,1,0.0,4,H,750
-0.021935,-0.19523,1,0.0,4,H,750
-0.0211,-0.18946,1,0.0,4,H,750
-0.02052,-0.1838,1,0.0,4,H,750
-0.019973,-0.1776,1,0.0,4,H,750
-0.019119,-0.17133,1,0.0,4,H,750
-0.018472,-0.16496,1,0.0,4,H,750
-0.017858,-0.15833,1,0.0,4,H,750
-0.017206,-0.15172,1,0.0,4,H,750
-0.016465,-0.14491,1,0.0,4,H,750
-0.015702,-0.13817,1,0.0,4,H,750
-0.015065,-0.13141,1,0.0,4,H,750
-0.014402,-0.12457,1,0.0,4,H,750
-0.013785,-0.11773,1,0.0,4,H,750
-0.013044,-0.111,1,0.0,4,H,750
-0.012224,-0.10438,1,0.0,4,H,750
-0.011539,-0.097731,1,0.0,4,H,750
-0.010865,-0.091155,1,0.0,4,H,750
-0.010198,-0.084761,1,0.0,4,H,750
-0.0095732,-0.078539,1,0.0,4,H,750
-0.0090042,-0.072257,1,0.0,4,H,750
-0.0083678,-0.066282,1,0.0,4,H,750
-0.0076528,-0.060389,1,0.0,4,H,750
-0.0071549,-0.054376,1,0.0,4,H,750
-0.0065596,-0.048617,1,0.0,4,H,750
-0.0058633,-0.04296,1,0.0,4,H,750
-0.0054103,-0.037537,1,0.0,4,H,750
-0.0049162,-0.032119,1,0.0,4,H,750
-0.0043808,-0.026626,1,0.0,4,H,750
-0.0038343,-0.021349,1,0.0,4,H,750
-0.0032802,-0.015912,1,0.0,4,H,750
-0.0027524,-0.010348,1,0.0,4,H,750
-0.0022732,-0.0052506,1,0.0,4,H,750
-0.001809,8.9414e-05,1,0.0,4,H,750
-0.0012437,0.0056948,1,0.0,4,H,750
-0.00073831,0.010982,1,0.0,4,H,750
-0.00015431,0.016468,1,0.0,4,H,750
0.0004222,0.021793,1,0.0,4,H,750
0.00089015,0.027331,1,0.0,4,H,750
0.0013806,0.032847,1,0.0,4,H,750
0.0019795,0.038329,1,0.0,4,H,750
0.0026721,0.04426,1,0.0,4,H,750
0.0030839,0.049876,1,0.0,4,H,750
0.0036043,0.056027,1,0.0,4,H,750
0.0043867,0.062286,1,0.0,4,H,750
0.0049445,0.068385,1,0.0,4,H,750
0.0055771,0.074917,1,0.0,4,H,750
0.0062735,0.08136,1,0.0,4,H,750
0.0069473,0.087903,1,0.0,4,H,750
0.0076361,0.094715,1,0.0,4,H,750
0.0082913,0.1017,1,0.0,4,H,750
0.0091186,0.1084,1,0.0,4,H,750
0.0096053,0.11524,1,0.0,4,H,750
0.010234,0.12233,1,0.0,4,H,750
0.011189,0.12943,1,0.0,4,H,750
0.011851,0.1366,1,0.0,4,H,750
0.012735,0.14352,1,0.0,4,H,750
0.013401,0.15059,1,0.0,4,H,750
0.013989,0.15744,1,0.0,4,H,750
0.014794,0.16396,1,0.0,4,H,750
0.015464,0.17054,1,0.0,4,H,750
0.016168,0.17689,1,0.0,4,H,750
0.016804,0.183,1,0.0,4,H,750
0.017418,0.18894,1,0.0,4,H,750
0.017957,0.19462,1,0.0,4,H,750
0.018392,0.19996,1,0.0,4,H,750
0.019039,0.20517,1,0.0,4,H,750
0.019829,0.21001,1,0.0,4,H,750
0.020286,0.21458,1,0.0,4,H,750
0.020799,0.21896,1,0.0,4,H,750
0.021255,0.22282,1,0.0,4,H,750
0.021536,0.22632,1,0.0,4,H,750
0.022042,0.2296,1,0.0,4,H,750
0.0223,0.23278,1,0.0,4,H,750
0.022637,0.2356,1,0.0,4,H,750
0.023026,0.23798,1,0.0,4,H,750
0.023142,0.24026,1,0.0,4,H,750
0.023397,0.24245,1,0.0,4,H,750
0.023655,0.2445,1,0.0,4,H,750
0.023984,0.24648,1,0.0,4,H,750
0.024224,0.24835,1,0.0,4,H,750
0.024228,0.24994,1,0.0,4,H,750
0.02455,0.25144,1,0.0,4,H,750
0.024819,0.25284,1,0.0,4,H,750
0.024947,0.25396,1,0.0,4,H,750
0.025167,0.255,1,0.0,4,H,750
0.025186,0.25595,1,0.0,4,H,750
0.025265,0.25684,1,0.0,4,H,750
0.025542,0.25768,1,0.0,4,H,750
0.025688,0.25846,1,0.0,4,H,750
0.025841,0.25934,1,0.0,4,H,750
0.02604,0.26022,1,0.0,4,H,750
0.026025,0.26124,1,0.0,4,H,750
0.026238,0.26228,1,0.0,4,H,750
0.026676,0.26324,1,0.0,4,H,750
0.026807,0.2643,1,0.0,4,H,750
0.026923,0.26517,1,0.0,4,H,750
0.026968,0.26609,1,0.0,4,H,750
0.027137,0.26696,1,0.0,4,H,750
0.027485,0.26749,1,0.0,4,H,750
0.027305,0.26813,1,0.0,4,H,750
0.027518,0.26866,1,0.0,4,H,750
0.027829,0.26893,1,0.0,4,H,750
0.027612,0.26903,1,0.0,4,H,750
0.027799,0.26906,1,0.0,4,H,750
0.027822,0.26907,1,0.0,4,H,750
0.027721,0.26868,1,0.0,4,H,750
0.027833,0.26814,1,0.0,4,H,750
0.027751,0.26738,1,0.0,4,H,750
0.027672,0.26633,1,0.0,4,H,750
0.027533,0.26492,1,0.0,4,H,750
0.027268,0.26318,1,0.0,4,H,750
0.027095,0.26134,1,0.0,4,H,750
0.026994,0.2589,1,0.0,4,H,750
0.026755,0.25643,1,0.0,4,H,750
0.026448,0.25386,1,0.0,4,H,750
0.026118,0.25077,1,0.0,4,H,750
0.025774,0.24785,1,0.0,4,H,750
0.025471,0.24464,1,0.0,4,H,750
0.025089,0.24107,1,0.0,4,H,750
0.024666,0.2375,1,0.0,4,H,750
0.024344,0.23369,1,0.0,4,H,750
0.023801,0.22955,1,0.0,4,H,750
0.023198,0.22508,1,0.0,4,H,750
0.02285,0.22058,1,0.0,4,H,750
0.022326,0.2159,1,0.0,4,H,750
0.02175,0.21081,1,0.0,4,H,750
0.021203,0.20572,1,0.0,4,H,750
0.02066,0.20041,1,0.0,4,H,750
0.020099,0.19484,1,0.0,4,H,750
0.019556,0.18931,1,0.0,4,H,750
0.018904,0.18332,1,0.0,4,H,750
0.018025,0.1772,1,0.0,4,H,750
0.017538,0.1711,1,0.0,4,H,750
0.016939,0.16472,1,0.0,4,H,750
0.016164,0.15821,1,0.0,4,H,750
0.015558,0.15146,1,0.0,4,H,750
0.014741,0.14476,1,0.0,4,H,750
0.014053,0.13798,1,0.0,4,H,750
0.013323,0.13107,1,0.0,4,H,750
0.012623,0.12417,1,0.0,4,H,750
0.012065,0.11732,1,0.0,4,H,750
0.011305,0.1104,1,0.0,4,H,750
0.010579,0.10361,1,0.0,4,H,750
0.0098336,0.097133,1,0.0,4,H,750
0.0091935,0.090388,1,0.0,4,H,750
0.0087031,0.083946,1,0.0,4,H,750
0.0079656,0.077765,1,0.0,4,H,750
0.0071644,0.071348,1,0.0,4,H,750
0.0066441,0.065377,1,0.0,4,H,750
0.0061087,0.059409,1,0.0,4,H,750
0.0053712,0.053445,1,0.0,4,H,750
0.0047273,0.047926,1,0.0,4,H,750
0.004207,0.042182,1,0.0,4,H,750
0.0036492,0.03661,1,0.0,4,H,750
0.0030914,0.031296,1,0.0,4,H,750
0.0025598,0.025758,1,0.0,4,H,750
0.0019908,0.020373,1,0.0,4,H,750
0.0016014,0.014973,1,0.0,4,H,750
0.0010998,0.0096036,1,0.0,4,H,750
0.00030615,0.0041327,1,0.0,4,H,750
-0.00012062,-0.0011064,1,0.0,4,H,750
-0.0003078,-0.0063007,1,0.0,4,H,750
-0.00089929,-0.011999,1,0.0,4,H,750
-0.0015993,-0.017377,1,0.0,4,H,750
-0.002071,-0.022769,1,0.0,4,H,750
-0.0025352,-0.02815,1,0.0,4,H,750
-0.0030182,-0.033737,1,0.0,4,H,750
-0.0036583,-0.039559,1,0.0,4,H,750
-0.0042798,-0.045206,1,0.0,4,H,750
-0.0048862,-0.051144,1,0.0,4,H,750
-0.0055488,-0.05713,1,0.0,4,H,750
-0.0060954,-0.063539,1,0.0,4,H,750
-0.0067767,-0.07009,1,0.0,4,H,750
-0.007372,-0.076483,1,0.0,4,H,750
-0.0079223,-0.083102,1,0.0,4,H,750
-0.0086972,-0.089806,1,0.0,4,H,750
-0.009416,-0.096592,1,0.0,4,H,750
-0.010127,-0.10352,1,0.0,4,H,750
-0.010898,-0.11076,1,0.0,4,H,750
-0.01161,-0.11802,1,0.0,4,H,750
-0.012343,-0.12495,1,0.0,4,H,750
-0.013156,-0.13206,1,0.0,4,H,750
-0.013886,-0.13945,1,0.0,4,H,750
-0.01459,-0.14638,1,0.0,4,H,750
-0.01526,-0.15325,1,0.0,4,H,750
-0.015967,-0.16021,1,0.0,4,H,750
-0.016682,-0.1668,1,0.0,4,H,750
-0.017439,-0.1734,1,0.0,4,H,750
-0.01827,-0.17977,1,0.0,4,H,750
-0.018831,-0.18594,1,0.0,4,H,750
-0.019445,-0.19184,1,0.0,4,H,750
-0.019939,-0.19727,1,0.0,4,H,750
-0.020355,-0.20262,1,0.0,4,H,750
-0.021014,-0.20767,1,0.0,4,H,750
-0.021729,-0.21256,1,0.0,4,H,750
-0.022388,-0.21706,1,0.0,4,H,750
-0.022627,-0.22119,1,0.0,4,H,750
-0.023076,-0.22523,1,0.0,4,H,750
-0.023586,-0.2288,1,0.0,4,H,750
-0.02372,-0.23199,1,0.0,4,H,750
-0.024229,-0.23492,1,0.0,4,H,750
-0.024739,-0.23754,1,0.0,4,H,750
-0.024787,-0.24013,1,0.0,4,H,750
-0.024911,-0.24253,1,0.0,4,H,750
-0.025296,-0.24443,1,0.0,4,H,750
-0.025659,-0.2465,1,0.0,4,H,750
-0.025835,-0.2484,1,0.0,4,H,750
-0.025948,-0.24983,1,0.0,4,H,750
-0.026322,-0.25146,1,0.0,4,H,750
-0.026539,-0.25283,1,0.0,4,H,750
-0.026535,-0.25415,1,0.0,4,H,750
-0.02661,-0.25545,1,0.0,4,H,750
-0.026869,-0.25639,1,0.0,4,H,750
-0.027097,-0.25719,1,0.0,4,H,750
-0.02703,-0.25795,1,0.0,4,H,750
-0.027325,-0.25871,1,0.0,4,H,750
-0.02746,-0.25944,1,0.0,4,H,750
-0.027535,-0.26035,1,0.0,4,H,750
-0.027879,-0.26119,1,0.0,4,H,750
-0.027831,-0.262,1,0.0,4,H,750
-0.028018,-0.26294,1,0.0,4,H,750
-0.028317,-0.26381,1,0.0,4,H,750
-0.028314,-0.2647,1,0.0,4,H,750
-0.028426,-0.26562,1,0.0,4,H,750
-0.028752,-0.26648,1,0.0,4,H,750
-0.028875,-0.26725,1,0.0,4,H,750
-0.028864,-0.26787,1,0.0,4,H,750
-0.029059,-0.26841,1,0.0,4,H,750
-0.029149,-0.26891,1,0.0,4,H,750
-0.02919,-0.26909,1,0.0,4,H,750
-0.029302,-0.2692,1,0.0,4,H,750
-0.029411,-0.2693,1,0.0,4,H,750
-0.029441,-0.26918,1,0.0,4,H,750
-0.029463,-0.26886,1,0.0,4,H,750
-0.029534,-0.26823,1,0.0,4,H,750
-0.029358,-0.26751,1,0.0,4,H,750
-0.029295,-0.26633,1,0.0,4,H,750
-0.029324,-0.26501,1,0.0,4,H,750
-0.029119,-0.26346,1,0.0,4,H,750
-0.028924,-0.26125,1,0.0,4,H,750
-0.028733,-0.25898,1,0.0,4,H,750
-0.028426,-0.25643,1,0.0,4,H,750
-0.027992,-0.25374,1,0.0,4,H,750
-0.027775,-0.25068,1,0.0,4,H,750
-0.027569,-0.2476,1,0.0,4,H,750
-0.027078,-0.24448,1,0.0,4,H,750
-0.026711,-0.24084,1,0.0,4,H,750
-0.026367,-0.23721,1,0.0,4,H,750
-0.025929,-0.23328,1,0.0,4,H,750
-0.025476,-0.22912,1,0.0,4,H,750
-0.025042,-0.22463,1,0.0,4,H,750
-0.024402,-0.22012,1,0.0,4,H,750
-0.023776,-0.21543,1,0.0,4,H,750
-0.023443,-0.21025,1,0.0,4,H,750
-0.022878,-0.20531,1,0.0,4,H,750
-0.022298,-0.19983,1,0.0,4,H,750
-0.021643,-0.19417,1,0.0,4,H,750
-0.020943,-0.1888,1,0.0,4,H,750
-0.020478,-0.18295,1,0.0,4,H,750
-0.019909,-0.17697,1,0.0,4,H,750
-0.019258,-0.1708,1,0.0,4,H,750
-0.018498,-0.1646,1,0.0,4,H,750
-0.017828,-0.15819,1,0.0,4,H,750
-0.017147,-0.15136,1,0.0,4,H,750
-0.016345,-0.14471,1,0.0,4,H,750
-0.015698,-0.13794,1,0.0,4,H,750
-0.01499,-0.13114,1,0.0,4,H,750
-0.01429,-0.1244,1,0.0,4,H,750
-0.013605,-0.11756,1,0.0,4,H,750
-0.013025,-0.11091,1,0.0,4,H,750
-0.012314,-0.1041,1,0.0,4,H,750
-0.011494,-0.097354,1,0.0,4,H,750
-0.010895,-0.090979,1,0.0,4,H,750
-0.010157,-0.084477,1,0.0,4,H,750
-0.0095582,-0.078072,1,0.0,4,H,750
-0.0089406,-0.072063,1,0.0,4,H,750
-0.0083191,-0.065972,1,0.0,4,H,750
-0.0077351,-0.060108,1,0.0,4,H,750
-0.0070837,-0.054395,1,0.0,4,H,750
-0.0066045,-0.048546,1,0.0,4,H,750
-0.0058184,-0.043042,1,0.0,4,H,750
-0.0052606,-0.037504,1,0.0,4,H,750
-0.0048076,-0.031984,1,0.0,4,H,750
-0.0042011,-0.026745,1,0.0,4,H,750
-0.0038193,-0.021282,1,0.0,4,H,750
-0.0032615,-0.015905,1,0.0,4,H,750
-0.0027823,-0.01074,1,0.0,4,H,750
-0.0023069,-0.0053254,1,0.0,4,H,750
-0.0016817,-1.1482e-05,1,0.0,4,H,750
-0.0012362,0.0051268,1,0.0,4,H,750
-0.00075703,0.010392,1,0.0,4,H,750
-0.00026288,0.0159,1,0.0,4,H,750
0.0001302,0.021289,1,0.0,4,H,750
0.00082651,0.026558,1,0.0,4,H,750
0.0013094,0.032182,1,0.0,4,H,750
0.0017587,0.03778,1,0.0,4,H,750
0.0025523,0.043538,1,0.0,4,H,750
0.0030502,0.049271,1,0.0,4,H,750
0.0036904,0.055037,1,0.0,4,H,750
0.0042332,0.06127,1,0.0,4,H,750
0.0047648,0.06747,1,0.0,4,H,750
